-9.257603883743286133e-01 -6.725682020187377930e-01 -2.371143817901611328e+00
-9.257603287696838379e-01 -6.725682616233825684e-01 -2.371143817901611328e+00
-9.257603287696838379e-01 -6.725682616233825684e-01 -2.371143817901611328e+00
-9.257603883743286133e-01 -6.725682020187377930e-01 -2.371143817901611328e+00
-9.257603883743286133e-01 -6.725682020187377930e-01 -2.371143579483032227e+00
-9.257603883743286133e-01 -6.725682020187377930e-01 -2.371143817901611328e+00
-9.257604479789733887e-01 -6.725681424140930176e-01 -2.371143817901611328e+00
-9.257603883743286133e-01 -6.725682020187377930e-01 -2.371143817901611328e+00
-9.257603883743286133e-01 -6.725682020187377930e-01 -2.371143817901611328e+00
-9.257603883743286133e-01 -6.725682020187377930e-01 -2.371143579483032227e+00
-9.257603883743286133e-01 -6.725682020187377930e-01 -2.371143817901611328e+00
-9.257603883743286133e-01 -6.725682020187377930e-01 -2.371143817901611328e+00
-9.257603287696838379e-01 -6.725682616233825684e-01 -2.371143817901611328e+00
-9.257603883743286133e-01 -6.725683212280273438e-01 -2.371143579483032227e+00
-9.257603883743286133e-01 -6.725682020187377930e-01 -2.371143817901611328e+00
-9.257603287696838379e-01 -6.725682616233825684e-01 -2.371143817901611328e+00
-9.257603287696838379e-01 -6.725682616233825684e-01 -2.371143817901611328e+00
-9.257603287696838379e-01 -6.725682616233825684e-01 -2.371143817901611328e+00
-9.257603883743286133e-01 -6.725682020187377930e-01 -2.371143817901611328e+00
-9.257603883743286133e-01 -6.725682020187377930e-01 -2.371143817901611328e+00
-9.257603883743286133e-01 -6.725682020187377930e-01 -2.371143817901611328e+00
-9.257604479789733887e-01 -6.725681424140930176e-01 -2.371143817901611328e+00
-9.257603883743286133e-01 -6.725682020187377930e-01 -2.371143817901611328e+00
-9.257603883743286133e-01 -6.725682020187377930e-01 -2.371143817901611328e+00
-9.257603883743286133e-01 -6.725682020187377930e-01 -2.371143817901611328e+00
-9.257603883743286133e-01 -6.725682020187377930e-01 -2.371143817901611328e+00
-9.257603287696838379e-01 -6.725682616233825684e-01 -2.371143817901611328e+00
-9.257603883743286133e-01 -6.725682020187377930e-01 -2.371143817901611328e+00
-9.257603287696838379e-01 -6.725682616233825684e-01 -2.371143817901611328e+00
-9.257603883743286133e-01 -6.725682020187377930e-01 -2.371143817901611328e+00
-9.257603883743286133e-01 -6.725682020187377930e-01 -2.371143817901611328e+00
-9.257605075836181641e-01 -6.725682020187377930e-01 -2.371143817901611328e+00
-9.257603287696838379e-01 -6.725682616233825684e-01 -2.371143817901611328e+00
-9.257603287696838379e-01 -6.725682616233825684e-01 -2.371143817901611328e+00
-9.257603287696838379e-01 -6.725682616233825684e-01 -2.371143817901611328e+00
-9.257603883743286133e-01 -6.725682020187377930e-01 -2.371143579483032227e+00
-9.257603287696838379e-01 -6.725682616233825684e-01 -2.371143817901611328e+00
-9.257603287696838379e-01 -6.725682616233825684e-01 -2.371143817901611328e+00
-9.257603883743286133e-01 -6.725682020187377930e-01 -2.371143817901611328e+00
-9.257603287696838379e-01 -6.725682616233825684e-01 -2.371143817901611328e+00
-9.257603883743286133e-01 -6.725682020187377930e-01 -2.371143817901611328e+00
-9.257603883743286133e-01 -6.725682020187377930e-01 -2.371143579483032227e+00
-9.257603287696838379e-01 -6.725682616233825684e-01 -2.371143817901611328e+00
-9.257603287696838379e-01 -6.725682616233825684e-01 -2.371143817901611328e+00
-9.257603287696838379e-01 -6.725682616233825684e-01 -2.371143817901611328e+00
-9.257603883743286133e-01 -6.725682020187377930e-01 -2.371143817901611328e+00
-9.257603287696838379e-01 -6.725682616233825684e-01 -2.371143579483032227e+00
-9.257603287696838379e-01 -6.725682616233825684e-01 -2.371143817901611328e+00
-9.257603883743286133e-01 -6.725682020187377930e-01 -2.371143817901611328e+00
-9.257603287696838379e-01 -6.725682616233825684e-01 -2.371143579483032227e+00
-9.257603883743286133e-01 -6.725682020187377930e-01 -2.371143817901611328e+00
-9.257603287696838379e-01 -6.725682616233825684e-01 -2.371143817901611328e+00
-9.257603883743286133e-01 -6.725682020187377930e-01 -2.371143817901611328e+00
-9.257603883743286133e-01 -6.725682020187377930e-01 -2.371143817901611328e+00
-9.257603883743286133e-01 -6.725682020187377930e-01 -2.371143817901611328e+00
-9.257603287696838379e-01 -6.725682616233825684e-01 -2.371143579483032227e+00
-9.257603883743286133e-01 -6.725682020187377930e-01 -2.371143817901611328e+00
-9.257605075836181641e-01 -6.725682020187377930e-01 -2.371143817901611328e+00
-9.257603287696838379e-01 -6.725682616233825684e-01 -2.371143817901611328e+00
-9.257603883743286133e-01 -6.725682020187377930e-01 -2.371143817901611328e+00
-9.257603883743286133e-01 -6.725682020187377930e-01 -2.371143817901611328e+00
-9.257603287696838379e-01 -6.725682616233825684e-01 -2.371143579483032227e+00
-9.257604479789733887e-01 -6.725681424140930176e-01 -2.371143817901611328e+00
-9.257603883743286133e-01 -6.725682020187377930e-01 -2.371143817901611328e+00
-9.257603883743286133e-01 -6.725682020187377930e-01 -2.371143579483032227e+00
-9.257603883743286133e-01 -6.725682020187377930e-01 -2.371143817901611328e+00
-9.257603883743286133e-01 -6.725682020187377930e-01 -2.371143817901611328e+00
-9.257603287696838379e-01 -6.725682616233825684e-01 -2.371143817901611328e+00
-9.257603883743286133e-01 -6.725682020187377930e-01 -2.371143817901611328e+00
-9.257603883743286133e-01 -6.725682020187377930e-01 -2.371143817901611328e+00
-9.257603883743286133e-01 -6.725683212280273438e-01 -2.371143579483032227e+00
-9.257603883743286133e-01 -6.725682020187377930e-01 -2.371143817901611328e+00
-9.257603883743286133e-01 -6.725682020187377930e-01 -2.371143817901611328e+00
-9.257603287696838379e-01 -6.725682616233825684e-01 -2.371143579483032227e+00
-9.257603883743286133e-01 -6.725682020187377930e-01 -2.371143817901611328e+00
-9.257603287696838379e-01 -6.725682616233825684e-01 -2.371143817901611328e+00
-9.257603883743286133e-01 -6.725682020187377930e-01 -2.371143817901611328e+00
-9.257603883743286133e-01 -6.725682020187377930e-01 -2.371143817901611328e+00
-9.257603883743286133e-01 -6.725682020187377930e-01 -2.371143817901611328e+00
-9.257603883743286133e-01 -6.725682020187377930e-01 -2.371143579483032227e+00
-9.257603287696838379e-01 -6.725682616233825684e-01 -2.371143579483032227e+00
-9.257603883743286133e-01 -6.725682020187377930e-01 -2.371143817901611328e+00
-9.257603883743286133e-01 -6.725682020187377930e-01 -2.371143817901611328e+00
-9.257605075836181641e-01 -6.725682020187377930e-01 -2.371143817901611328e+00
-9.257603883743286133e-01 -6.725682020187377930e-01 -2.371143817901611328e+00
-9.257603287696838379e-01 -6.725682616233825684e-01 -2.371143817901611328e+00
-9.257603287696838379e-01 -6.725682616233825684e-01 -2.371143817901611328e+00
-9.257603287696838379e-01 -6.725682616233825684e-01 -2.371143817901611328e+00
-9.257603883743286133e-01 -6.725682020187377930e-01 -2.371143817901611328e+00
-9.257603287696838379e-01 -6.725682616233825684e-01 -2.371143579483032227e+00
-9.257603287696838379e-01 -6.725682616233825684e-01 -2.371143817901611328e+00
-9.257603287696838379e-01 -6.725682616233825684e-01 -2.371143817901611328e+00
-9.257604479789733887e-01 -6.725681424140930176e-01 -2.371143817901611328e+00
-9.257603883743286133e-01 -6.725682020187377930e-01 -2.371143817901611328e+00
-9.257603287696838379e-01 -6.725682616233825684e-01 -2.371143817901611328e+00
-9.257603883743286133e-01 -6.725682020187377930e-01 -2.371143579483032227e+00
-9.257603287696838379e-01 -6.725682616233825684e-01 -2.371143817901611328e+00
-9.257603883743286133e-01 -6.725682020187377930e-01 -2.371143817901611328e+00
-9.257605075836181641e-01 -6.725682020187377930e-01 -2.371143817901611328e+00
-9.257603883743286133e-01 -6.725682020187377930e-01 -2.371143817901611328e+00
-9.257603287696838379e-01 -6.725682616233825684e-01 -2.371143817901611328e+00
