-2.410885095596313477e+00 -2.300770878791809082e-01 -2.155961036682128906e+00
-2.410885095596313477e+00 -2.300770878791809082e-01 -2.155961036682128906e+00
-2.410885095596313477e+00 -2.300770878791809082e-01 -2.155961036682128906e+00
-2.410885095596313477e+00 -2.300770878791809082e-01 -2.155961036682128906e+00
-2.410885334014892578e+00 -2.300770878791809082e-01 -2.155961275100708008e+00
-2.410885095596313477e+00 -2.300771772861480713e-01 -2.155960798263549805e+00
-2.410885095596313477e+00 -2.300771772861480713e-01 -2.155960798263549805e+00
-2.410885095596313477e+00 -2.300771772861480713e-01 -2.155960798263549805e+00
-2.410885334014892578e+00 -2.300770878791809082e-01 -2.155961275100708008e+00
-2.410885095596313477e+00 -2.300770878791809082e-01 -2.155961036682128906e+00
-2.410885095596313477e+00 -2.300770878791809082e-01 -2.155961036682128906e+00
-2.410885334014892578e+00 -2.300770878791809082e-01 -2.155961275100708008e+00
-2.410885334014892578e+00 -2.300770878791809082e-01 -2.155961275100708008e+00
-2.410885095596313477e+00 -2.300771772861480713e-01 -2.155960798263549805e+00
-2.410885095596313477e+00 -2.300770878791809082e-01 -2.155961036682128906e+00
-2.410885095596313477e+00 -2.300770878791809082e-01 -2.155961036682128906e+00
-2.410885095596313477e+00 -2.300771772861480713e-01 -2.155960798263549805e+00
-2.410885095596313477e+00 -2.300770878791809082e-01 -2.155961036682128906e+00
-2.410885095596313477e+00 -2.300770878791809082e-01 -2.155961036682128906e+00
-2.410885095596313477e+00 -2.300770878791809082e-01 -2.155961036682128906e+00
-2.410885095596313477e+00 -2.300770878791809082e-01 -2.155961036682128906e+00
-2.410885095596313477e+00 -2.300770878791809082e-01 -2.155961036682128906e+00
-2.410885095596313477e+00 -2.300770878791809082e-01 -2.155961036682128906e+00
-2.410885095596313477e+00 -2.300770878791809082e-01 -2.155961036682128906e+00
-2.410885095596313477e+00 -2.300770878791809082e-01 -2.155961036682128906e+00
-2.410885095596313477e+00 -2.300770878791809082e-01 -2.155961036682128906e+00
-2.410885095596313477e+00 -2.300770878791809082e-01 -2.155961036682128906e+00
-2.410885095596313477e+00 -2.300770878791809082e-01 -2.155961036682128906e+00
-2.410885095596313477e+00 -2.300770878791809082e-01 -2.155961036682128906e+00
-2.410885095596313477e+00 -2.300770878791809082e-01 -2.155961036682128906e+00
-2.410885095596313477e+00 -2.300771772861480713e-01 -2.155960798263549805e+00
-2.410885095596313477e+00 -2.300771772861480713e-01 -2.155961036682128906e+00
-2.410885095596313477e+00 -2.300771772861480713e-01 -2.155960798263549805e+00
-2.410885095596313477e+00 -2.300770878791809082e-01 -2.155961036682128906e+00
-2.410885334014892578e+00 -2.300770878791809082e-01 -2.155961275100708008e+00
-2.410885095596313477e+00 -2.300770878791809082e-01 -2.155961036682128906e+00
-2.410885095596313477e+00 -2.300771772861480713e-01 -2.155960798263549805e+00
-2.410885095596313477e+00 -2.300770878791809082e-01 -2.155961036682128906e+00
-2.410885095596313477e+00 -2.300771772861480713e-01 -2.155960798263549805e+00
-2.410885334014892578e+00 -2.300770878791809082e-01 -2.155961275100708008e+00
-2.410885095596313477e+00 -2.300771772861480713e-01 -2.155960798263549805e+00
-2.410885334014892578e+00 -2.300770878791809082e-01 -2.155961275100708008e+00
-2.410885095596313477e+00 -2.300770878791809082e-01 -2.155961036682128906e+00
-2.410885334014892578e+00 -2.300770878791809082e-01 -2.155961275100708008e+00
-2.410885095596313477e+00 -2.300771772861480713e-01 -2.155960798263549805e+00
-2.410885095596313477e+00 -2.300771772861480713e-01 -2.155960798263549805e+00
-2.410885095596313477e+00 -2.300770878791809082e-01 -2.155961036682128906e+00
-2.410885095596313477e+00 -2.300771772861480713e-01 -2.155960798263549805e+00
-2.410885095596313477e+00 -2.300770878791809082e-01 -2.155961036682128906e+00
-2.410885095596313477e+00 -2.300770878791809082e-01 -2.155961036682128906e+00
-2.410885095596313477e+00 -2.300770878791809082e-01 -2.155961036682128906e+00
-2.410885095596313477e+00 -2.300770878791809082e-01 -2.155961036682128906e+00
-2.410885095596313477e+00 -2.300771772861480713e-01 -2.155960798263549805e+00
-2.410885095596313477e+00 -2.300770878791809082e-01 -2.155961036682128906e+00
-2.410885095596313477e+00 -2.300770878791809082e-01 -2.155961036682128906e+00
-2.410885095596313477e+00 -2.300771772861480713e-01 -2.155960798263549805e+00
-2.410885095596313477e+00 -2.300770878791809082e-01 -2.155961036682128906e+00
-2.410885095596313477e+00 -2.300770878791809082e-01 -2.155961036682128906e+00
-2.410885095596313477e+00 -2.300770878791809082e-01 -2.155961036682128906e+00
-2.410885095596313477e+00 -2.300770878791809082e-01 -2.155961036682128906e+00
-2.410885095596313477e+00 -2.300770878791809082e-01 -2.155961036682128906e+00
-2.410885095596313477e+00 -2.300770878791809082e-01 -2.155961036682128906e+00
-2.410885095596313477e+00 -2.300770878791809082e-01 -2.155961036682128906e+00
-2.410885334014892578e+00 -2.300770878791809082e-01 -2.155961275100708008e+00
-2.410885095596313477e+00 -2.300770878791809082e-01 -2.155961036682128906e+00
-2.410885334014892578e+00 -2.300770878791809082e-01 -2.155961275100708008e+00
-2.410885095596313477e+00 -2.300771772861480713e-01 -2.155960798263549805e+00
-2.410885095596313477e+00 -2.300771772861480713e-01 -2.155960798263549805e+00
-2.410885095596313477e+00 -2.300771772861480713e-01 -2.155960798263549805e+00
-2.410885334014892578e+00 -2.300770878791809082e-01 -2.155961275100708008e+00
-2.410885095596313477e+00 -2.300770878791809082e-01 -2.155961036682128906e+00
-2.410885334014892578e+00 -2.300770878791809082e-01 -2.155961275100708008e+00
-2.410885095596313477e+00 -2.300771772861480713e-01 -2.155960798263549805e+00
-2.410885334014892578e+00 -2.300770878791809082e-01 -2.155961275100708008e+00
-2.410885095596313477e+00 -2.300771772861480713e-01 -2.155960798263549805e+00
-2.410885095596313477e+00 -2.300770878791809082e-01 -2.155961036682128906e+00
-2.410885095596313477e+00 -2.300770878791809082e-01 -2.155961036682128906e+00
-2.410885095596313477e+00 -2.300771772861480713e-01 -2.155960798263549805e+00
-2.410885095596313477e+00 -2.300771772861480713e-01 -2.155960798263549805e+00
-2.410885095596313477e+00 -2.300770878791809082e-01 -2.155961036682128906e+00
-2.410885095596313477e+00 -2.300770878791809082e-01 -2.155961036682128906e+00
-2.410885095596313477e+00 -2.300770878791809082e-01 -2.155961036682128906e+00
-2.410885095596313477e+00 -2.300770878791809082e-01 -2.155961036682128906e+00
-2.410885095596313477e+00 -2.300770878791809082e-01 -2.155961036682128906e+00
-2.410885095596313477e+00 -2.300770878791809082e-01 -2.155961036682128906e+00
-2.410885095596313477e+00 -2.300770878791809082e-01 -2.155961036682128906e+00
-2.410885095596313477e+00 -2.300770878791809082e-01 -2.155961036682128906e+00
-2.410885095596313477e+00 -2.300771772861480713e-01 -2.155960798263549805e+00
-2.410885095596313477e+00 -2.300770878791809082e-01 -2.155961036682128906e+00
-2.410885095596313477e+00 -2.300770878791809082e-01 -2.155961036682128906e+00
-2.410885334014892578e+00 -2.300770878791809082e-01 -2.155961275100708008e+00
-2.410885095596313477e+00 -2.300770878791809082e-01 -2.155961036682128906e+00
-2.410885334014892578e+00 -2.300770878791809082e-01 -2.155961275100708008e+00
-2.410885095596313477e+00 -2.300771772861480713e-01 -2.155960798263549805e+00
-2.410885095596313477e+00 -2.300770878791809082e-01 -2.155961036682128906e+00
-2.410885095596313477e+00 -2.300770878791809082e-01 -2.155961036682128906e+00
-2.410885334014892578e+00 -2.300770878791809082e-01 -2.155961275100708008e+00
-2.410885095596313477e+00 -2.300770878791809082e-01 -2.155961036682128906e+00
