-1.331701636314392090e+00 -3.610193014144897461e+00 -3.440043628215789795e-01
-1.331701755523681641e+00 -3.610193490982055664e+00 -3.440043628215789795e-01
-1.331701755523681641e+00 -3.610193252563476562e+00 -3.440043032169342041e-01
-1.331701755523681641e+00 -3.610193252563476562e+00 -3.440043628215789795e-01
-1.331701636314392090e+00 -3.610193014144897461e+00 -3.440043628215789795e-01
-1.331701755523681641e+00 -3.610193490982055664e+00 -3.440043628215789795e-01
-1.331701636314392090e+00 -3.610193014144897461e+00 -3.440043628215789795e-01
-1.331701636314392090e+00 -3.610193014144897461e+00 -3.440043628215789795e-01
-1.331701755523681641e+00 -3.610193490982055664e+00 -3.440043628215789795e-01
-1.331701755523681641e+00 -3.610193252563476562e+00 -3.440043628215789795e-01
-1.331701755523681641e+00 -3.610193252563476562e+00 -3.440043032169342041e-01
-1.331701517105102539e+00 -3.610193014144897461e+00 -3.440044522285461426e-01
-1.331701755523681641e+00 -3.610193490982055664e+00 -3.440043628215789795e-01
-1.331701636314392090e+00 -3.610193014144897461e+00 -3.440043628215789795e-01
-1.331701755523681641e+00 -3.610193490982055664e+00 -3.440043628215789795e-01
-1.331701636314392090e+00 -3.610193014144897461e+00 -3.440043628215789795e-01
-1.331701755523681641e+00 -3.610193252563476562e+00 -3.440043032169342041e-01
-1.331701755523681641e+00 -3.610193252563476562e+00 -3.440043628215789795e-01
-1.331701636314392090e+00 -3.610193014144897461e+00 -3.440043628215789795e-01
-1.331701755523681641e+00 -3.610193252563476562e+00 -3.440043628215789795e-01
-1.331701874732971191e+00 -3.610193490982055664e+00 -3.440043032169342041e-01
-1.331701755523681641e+00 -3.610193252563476562e+00 -3.440043628215789795e-01
-1.331701755523681641e+00 -3.610193252563476562e+00 -3.440043628215789795e-01
-1.331701636314392090e+00 -3.610193490982055664e+00 -3.440043628215789795e-01
-1.331701517105102539e+00 -3.610193014144897461e+00 -3.440044522285461426e-01
-1.331701755523681641e+00 -3.610193252563476562e+00 -3.440043032169342041e-01
-1.331701755523681641e+00 -3.610193252563476562e+00 -3.440043628215789795e-01
-1.331701636314392090e+00 -3.610193490982055664e+00 -3.440043628215789795e-01
-1.331701755523681641e+00 -3.610193252563476562e+00 -3.440043628215789795e-01
-1.331701755523681641e+00 -3.610193252563476562e+00 -3.440043032169342041e-01
-1.331701636314392090e+00 -3.610193014144897461e+00 -3.440043628215789795e-01
-1.331701755523681641e+00 -3.610193252563476562e+00 -3.440043628215789795e-01
-1.331701755523681641e+00 -3.610193252563476562e+00 -3.440043032169342041e-01
-1.331701517105102539e+00 -3.610193014144897461e+00 -3.440044522285461426e-01
-1.331701755523681641e+00 -3.610193490982055664e+00 -3.440043628215789795e-01
-1.331701755523681641e+00 -3.610193252563476562e+00 -3.440043032169342041e-01
-1.331701636314392090e+00 -3.610193014144897461e+00 -3.440043628215789795e-01
-1.331701636314392090e+00 -3.610193014144897461e+00 -3.440043628215789795e-01
-1.331701755523681641e+00 -3.610193252563476562e+00 -3.440043628215789795e-01
-1.331701636314392090e+00 -3.610193014144897461e+00 -3.440043628215789795e-01
-1.331701517105102539e+00 -3.610193014144897461e+00 -3.440044522285461426e-01
-1.331701636314392090e+00 -3.610193014144897461e+00 -3.440043628215789795e-01
-1.331701517105102539e+00 -3.610193014144897461e+00 -3.440044522285461426e-01
-1.331701755523681641e+00 -3.610193252563476562e+00 -3.440043628215789795e-01
-1.331701755523681641e+00 -3.610193252563476562e+00 -3.440043032169342041e-01
-1.331701755523681641e+00 -3.610193252563476562e+00 -3.440043628215789795e-01
-1.331701755523681641e+00 -3.610193252563476562e+00 -3.440043032169342041e-01
-1.331701636314392090e+00 -3.610193014144897461e+00 -3.440043628215789795e-01
-1.331701755523681641e+00 -3.610193490982055664e+00 -3.440043032169342041e-01
-1.331701636314392090e+00 -3.610193014144897461e+00 -3.440043628215789795e-01
-1.331701755523681641e+00 -3.610193490982055664e+00 -3.440043032169342041e-01
-1.331701874732971191e+00 -3.610193490982055664e+00 -3.440043032169342041e-01
-1.331701636314392090e+00 -3.610193014144897461e+00 -3.440043628215789795e-01
-1.331701755523681641e+00 -3.610193490982055664e+00 -3.440043628215789795e-01
-1.331701755523681641e+00 -3.610193490982055664e+00 -3.440043032169342041e-01
-1.331701636314392090e+00 -3.610193014144897461e+00 -3.440043628215789795e-01
-1.331701755523681641e+00 -3.610193252563476562e+00 -3.440043032169342041e-01
-1.331701755523681641e+00 -3.610193252563476562e+00 -3.440043032169342041e-01
-1.331701636314392090e+00 -3.610193014144897461e+00 -3.440043628215789795e-01
-1.331701755523681641e+00 -3.610193252563476562e+00 -3.440043628215789795e-01
-1.331701755523681641e+00 -3.610193490982055664e+00 -3.440043032169342041e-01
-1.331701755523681641e+00 -3.610193490982055664e+00 -3.440043628215789795e-01
-1.331701755523681641e+00 -3.610193252563476562e+00 -3.440043032169342041e-01
-1.331701755523681641e+00 -3.610193252563476562e+00 -3.440043032169342041e-01
-1.331701755523681641e+00 -3.610193490982055664e+00 -3.440043628215789795e-01
-1.331701636314392090e+00 -3.610193014144897461e+00 -3.440043628215789795e-01
-1.331701755523681641e+00 -3.610193252563476562e+00 -3.440043032169342041e-01
-1.331701755523681641e+00 -3.610193490982055664e+00 -3.440043032169342041e-01
-1.331701755523681641e+00 -3.610193490982055664e+00 -3.440043628215789795e-01
-1.331701755523681641e+00 -3.610193490982055664e+00 -3.440043628215789795e-01
-1.331701755523681641e+00 -3.610193490982055664e+00 -3.440043628215789795e-01
-1.331701755523681641e+00 -3.610193252563476562e+00 -3.440043032169342041e-01
-1.331701755523681641e+00 -3.610193490982055664e+00 -3.440043032169342041e-01
-1.331701755523681641e+00 -3.610193252563476562e+00 -3.440043032169342041e-01
-1.331701755523681641e+00 -3.610193252563476562e+00 -3.440043032169342041e-01
-1.331701755523681641e+00 -3.610193252563476562e+00 -3.440043032169342041e-01
-1.331701636314392090e+00 -3.610193014144897461e+00 -3.440043628215789795e-01
-1.331701874732971191e+00 -3.610193490982055664e+00 -3.440043032169342041e-01
-1.331701755523681641e+00 -3.610193252563476562e+00 -3.440043628215789795e-01
-1.331701636314392090e+00 -3.610193014144897461e+00 -3.440043628215789795e-01
-1.331701755523681641e+00 -3.610193490982055664e+00 -3.440043628215789795e-01
-1.331701636314392090e+00 -3.610193014144897461e+00 -3.440043628215789795e-01
-1.331701517105102539e+00 -3.610193014144897461e+00 -3.440044522285461426e-01
-1.331701755523681641e+00 -3.610193252563476562e+00 -3.440043032169342041e-01
-1.331701636314392090e+00 -3.610193014144897461e+00 -3.440043628215789795e-01
-1.331701755523681641e+00 -3.610193252563476562e+00 -3.440043628215789795e-01
-1.331701755523681641e+00 -3.610193252563476562e+00 -3.440043628215789795e-01
-1.331701755523681641e+00 -3.610193252563476562e+00 -3.440043032169342041e-01
-1.331701636314392090e+00 -3.610193014144897461e+00 -3.440043628215789795e-01
-1.331701755523681641e+00 -3.610193252563476562e+00 -3.440043032169342041e-01
-1.331701517105102539e+00 -3.610193014144897461e+00 -3.440044522285461426e-01
-1.331701636314392090e+00 -3.610193014144897461e+00 -3.440043628215789795e-01
-1.331701755523681641e+00 -3.610193252563476562e+00 -3.440043628215789795e-01
-1.331701755523681641e+00 -3.610193490982055664e+00 -3.440043032169342041e-01
-1.331701874732971191e+00 -3.610193490982055664e+00 -3.440043032169342041e-01
-1.331701755523681641e+00 -3.610193490982055664e+00 -3.440043628215789795e-01
-1.331701755523681641e+00 -3.610193490982055664e+00 -3.440043628215789795e-01
-1.331701755523681641e+00 -3.610193252563476562e+00 -3.440043032169342041e-01
-1.331701755523681641e+00 -3.610193252563476562e+00 -3.440043628215789795e-01
