-1.668706059455871582e+00 -4.416005611419677734e+00 -2.238602638244628906e-01
-1.668706059455871582e+00 -4.416005611419677734e+00 -2.238603681325912476e-01
-1.668706059455871582e+00 -4.416005611419677734e+00 -2.238602638244628906e-01
-1.668706059455871582e+00 -4.416005611419677734e+00 -2.238603681325912476e-01
-1.668706059455871582e+00 -4.416005611419677734e+00 -2.238602638244628906e-01
-1.668706059455871582e+00 -4.416005611419677734e+00 -2.238602638244628906e-01
-1.668706178665161133e+00 -4.416005611419677734e+00 -2.238602638244628906e-01
-1.668706297874450684e+00 -4.416005611419677734e+00 -2.238602638244628906e-01
-1.668706178665161133e+00 -4.416005611419677734e+00 -2.238602638244628906e-01
-1.668706059455871582e+00 -4.416005611419677734e+00 -2.238602638244628906e-01
-1.668706178665161133e+00 -4.416005611419677734e+00 -2.238602638244628906e-01
-1.668706059455871582e+00 -4.416005611419677734e+00 -2.238602638244628906e-01
-1.668706178665161133e+00 -4.416005611419677734e+00 -2.238602638244628906e-01
-1.668706297874450684e+00 -4.416006088256835938e+00 -2.238602638244628906e-01
-1.668706059455871582e+00 -4.416005611419677734e+00 -2.238602638244628906e-01
-1.668706059455871582e+00 -4.416005611419677734e+00 -2.238602638244628906e-01
-1.668706178665161133e+00 -4.416005611419677734e+00 -2.238602638244628906e-01
-1.668706059455871582e+00 -4.416005611419677734e+00 -2.238602638244628906e-01
-1.668705821037292480e+00 -4.416005611419677734e+00 -2.238603681325912476e-01
-1.668706059455871582e+00 -4.416005611419677734e+00 -2.238602638244628906e-01
-1.668706297874450684e+00 -4.416006088256835938e+00 -2.238602638244628906e-01
-1.668706417083740234e+00 -4.416006088256835938e+00 -2.238602638244628906e-01
-1.668706417083740234e+00 -4.416006088256835938e+00 -2.238602638244628906e-01
-1.668706178665161133e+00 -4.416005611419677734e+00 -2.238602638244628906e-01
-1.668706059455871582e+00 -4.416005611419677734e+00 -2.238602638244628906e-01
-1.668706059455871582e+00 -4.416005611419677734e+00 -2.238603681325912476e-01
-1.668706297874450684e+00 -4.416005611419677734e+00 -2.238602638244628906e-01
-1.668705940246582031e+00 -4.416005611419677734e+00 -2.238603681325912476e-01
-1.668706059455871582e+00 -4.416005611419677734e+00 -2.238603681325912476e-01
-1.668706059455871582e+00 -4.416005611419677734e+00 -2.238602638244628906e-01
-1.668706059455871582e+00 -4.416005611419677734e+00 -2.238602638244628906e-01
-1.668706178665161133e+00 -4.416005611419677734e+00 -2.238602638244628906e-01
-1.668706059455871582e+00 -4.416005611419677734e+00 -2.238602638244628906e-01
-1.668706297874450684e+00 -4.416005611419677734e+00 -2.238602638244628906e-01
-1.668706178665161133e+00 -4.416005611419677734e+00 -2.238602638244628906e-01
-1.668706297874450684e+00 -4.416005611419677734e+00 -2.238602638244628906e-01
-1.668706059455871582e+00 -4.416005611419677734e+00 -2.238602638244628906e-01
-1.668706178665161133e+00 -4.416005611419677734e+00 -2.238602638244628906e-01
-1.668706178665161133e+00 -4.416005611419677734e+00 -2.238602638244628906e-01
-1.668706297874450684e+00 -4.416005611419677734e+00 -2.238602638244628906e-01
-1.668706178665161133e+00 -4.416005611419677734e+00 -2.238602638244628906e-01
-1.668706178665161133e+00 -4.416005611419677734e+00 -2.238602638244628906e-01
-1.668706059455871582e+00 -4.416005611419677734e+00 -2.238602638244628906e-01
-1.668706178665161133e+00 -4.416005611419677734e+00 -2.238602638244628906e-01
-1.668706059455871582e+00 -4.416005611419677734e+00 -2.238602638244628906e-01
-1.668706059455871582e+00 -4.416005611419677734e+00 -2.238602638244628906e-01
-1.668706178665161133e+00 -4.416005611419677734e+00 -2.238602638244628906e-01
-1.668705940246582031e+00 -4.416005611419677734e+00 -2.238603681325912476e-01
-1.668705821037292480e+00 -4.416005611419677734e+00 -2.238603681325912476e-01
-1.668706059455871582e+00 -4.416005611419677734e+00 -2.238602638244628906e-01
-1.668706059455871582e+00 -4.416005611419677734e+00 -2.238602638244628906e-01
-1.668706059455871582e+00 -4.416005611419677734e+00 -2.238602638244628906e-01
-1.668706297874450684e+00 -4.416005611419677734e+00 -2.238602638244628906e-01
-1.668706178665161133e+00 -4.416005611419677734e+00 -2.238602638244628906e-01
-1.668706178665161133e+00 -4.416005611419677734e+00 -2.238602638244628906e-01
-1.668706178665161133e+00 -4.416005611419677734e+00 -2.238602638244628906e-01
-1.668705940246582031e+00 -4.416005611419677734e+00 -2.238603681325912476e-01
-1.668706059455871582e+00 -4.416005611419677734e+00 -2.238602638244628906e-01
-1.668706059455871582e+00 -4.416005611419677734e+00 -2.238602638244628906e-01
-1.668706059455871582e+00 -4.416005611419677734e+00 -2.238602638244628906e-01
-1.668706059455871582e+00 -4.416005611419677734e+00 -2.238603681325912476e-01
-1.668705940246582031e+00 -4.416005611419677734e+00 -2.238603681325912476e-01
-1.668705940246582031e+00 -4.416005611419677734e+00 -2.238603681325912476e-01
-1.668706297874450684e+00 -4.416005611419677734e+00 -2.238602638244628906e-01
-1.668706297874450684e+00 -4.416005611419677734e+00 -2.238602638244628906e-01
-1.668706297874450684e+00 -4.416006088256835938e+00 -2.238602638244628906e-01
-1.668706059455871582e+00 -4.416005611419677734e+00 -2.238602638244628906e-01
-1.668706417083740234e+00 -4.416006088256835938e+00 -2.238602638244628906e-01
-1.668706059455871582e+00 -4.416005611419677734e+00 -2.238602638244628906e-01
-1.668706059455871582e+00 -4.416005611419677734e+00 -2.238602638244628906e-01
-1.668706059455871582e+00 -4.416005611419677734e+00 -2.238603681325912476e-01
-1.668706059455871582e+00 -4.416005611419677734e+00 -2.238602638244628906e-01
-1.668706178665161133e+00 -4.416005611419677734e+00 -2.238602638244628906e-01
-1.668706178665161133e+00 -4.416005611419677734e+00 -2.238602638244628906e-01
-1.668706059455871582e+00 -4.416005611419677734e+00 -2.238602638244628906e-01
-1.668706059455871582e+00 -4.416005611419677734e+00 -2.238603681325912476e-01
-1.668706059455871582e+00 -4.416005611419677734e+00 -2.238602638244628906e-01
-1.668706059455871582e+00 -4.416005611419677734e+00 -2.238602638244628906e-01
-1.668706178665161133e+00 -4.416005611419677734e+00 -2.238602638244628906e-01
-1.668706059455871582e+00 -4.416005611419677734e+00 -2.238602638244628906e-01
-1.668705940246582031e+00 -4.416005611419677734e+00 -2.238603681325912476e-01
-1.668706178665161133e+00 -4.416005611419677734e+00 -2.238602638244628906e-01
-1.668706059455871582e+00 -4.416005611419677734e+00 -2.238603681325912476e-01
-1.668706059455871582e+00 -4.416005611419677734e+00 -2.238602638244628906e-01
-1.668706059455871582e+00 -4.416005611419677734e+00 -2.238603681325912476e-01
-1.668706178665161133e+00 -4.416005611419677734e+00 -2.238602638244628906e-01
-1.668706178665161133e+00 -4.416005611419677734e+00 -2.238602638244628906e-01
-1.668706178665161133e+00 -4.416005611419677734e+00 -2.238602638244628906e-01
-1.668706297874450684e+00 -4.416005611419677734e+00 -2.238602638244628906e-01
-1.668706059455871582e+00 -4.416005611419677734e+00 -2.238603681325912476e-01
-1.668706059455871582e+00 -4.416005611419677734e+00 -2.238602638244628906e-01
-1.668706059455871582e+00 -4.416005611419677734e+00 -2.238602638244628906e-01
-1.668706059455871582e+00 -4.416005611419677734e+00 -2.238602638244628906e-01
-1.668706297874450684e+00 -4.416006088256835938e+00 -2.238602638244628906e-01
-1.668706059455871582e+00 -4.416005611419677734e+00 -2.238603681325912476e-01
-1.668706178665161133e+00 -4.416005611419677734e+00 -2.238602638244628906e-01
-1.668706059455871582e+00 -4.416005611419677734e+00 -2.238603681325912476e-01
-1.668706178665161133e+00 -4.416005611419677734e+00 -2.238602638244628906e-01
-1.668706297874450684e+00 -4.416005611419677734e+00 -2.238602638244628906e-01
-1.668706059455871582e+00 -4.416005611419677734e+00 -2.238602638244628906e-01
-1.668706059455871582e+00 -4.416005611419677734e+00 -2.238603681325912476e-01
-1.668706059455871582e+00 -4.416005611419677734e+00 -2.238602638244628906e-01
