-1.020615339279174805e+00 -1.586915969848632812e+00 -8.322450518608093262e-01
-1.020615339279174805e+00 -1.586915850639343262e+00 -8.322451114654541016e-01
-1.020615339279174805e+00 -1.586915850639343262e+00 -8.322451114654541016e-01
-1.020615339279174805e+00 -1.586915969848632812e+00 -8.322450518608093262e-01
-1.020615339279174805e+00 -1.586915969848632812e+00 -8.322450518608093262e-01
-1.020615339279174805e+00 -1.586915969848632812e+00 -8.322451114654541016e-01
-1.020615339279174805e+00 -1.586915850639343262e+00 -8.322452306747436523e-01
-1.020615339279174805e+00 -1.586915969848632812e+00 -8.322450518608093262e-01
-1.020615339279174805e+00 -1.586915969848632812e+00 -8.322452306747436523e-01
-1.020615339279174805e+00 -1.586915969848632812e+00 -8.322450518608093262e-01
-1.020615339279174805e+00 -1.586915969848632812e+00 -8.322450518608093262e-01
-1.020615339279174805e+00 -1.586915969848632812e+00 -8.322450518608093262e-01
-1.020615339279174805e+00 -1.586915850639343262e+00 -8.322451114654541016e-01
-1.020615339279174805e+00 -1.586915969848632812e+00 -8.322450518608093262e-01
-1.020615339279174805e+00 -1.586915731430053711e+00 -8.322451114654541016e-01
-1.020615339279174805e+00 -1.586915969848632812e+00 -8.322450518608093262e-01
-1.020615339279174805e+00 -1.586915850639343262e+00 -8.322451114654541016e-01
-1.020615339279174805e+00 -1.586915850639343262e+00 -8.322451114654541016e-01
-1.020615458488464355e+00 -1.586915969848632812e+00 -8.322451114654541016e-01
-1.020615339279174805e+00 -1.586915850639343262e+00 -8.322451114654541016e-01
-1.020615339279174805e+00 -1.586915850639343262e+00 -8.322451114654541016e-01
-1.020615339279174805e+00 -1.586915850639343262e+00 -8.322451114654541016e-01
-1.020615339279174805e+00 -1.586915731430053711e+00 -8.322451114654541016e-01
-1.020615339279174805e+00 -1.586915850639343262e+00 -8.322451114654541016e-01
-1.020615339279174805e+00 -1.586915969848632812e+00 -8.322450518608093262e-01
-1.020615339279174805e+00 -1.586915969848632812e+00 -8.322450518608093262e-01
-1.020615339279174805e+00 -1.586915850639343262e+00 -8.322451114654541016e-01
-1.020615339279174805e+00 -1.586915850639343262e+00 -8.322451114654541016e-01
-1.020615339279174805e+00 -1.586915969848632812e+00 -8.322450518608093262e-01
-1.020615339279174805e+00 -1.586915969848632812e+00 -8.322450518608093262e-01
-1.020615339279174805e+00 -1.586915969848632812e+00 -8.322450518608093262e-01
-1.020615339279174805e+00 -1.586915850639343262e+00 -8.322451114654541016e-01
-1.020615339279174805e+00 -1.586915850639343262e+00 -8.322451114654541016e-01
-1.020615339279174805e+00 -1.586915850639343262e+00 -8.322452306747436523e-01
-1.020615339279174805e+00 -1.586915969848632812e+00 -8.322452306747436523e-01
-1.020615339279174805e+00 -1.586915850639343262e+00 -8.322451114654541016e-01
-1.020615339279174805e+00 -1.586915969848632812e+00 -8.322450518608093262e-01
-1.020615339279174805e+00 -1.586915969848632812e+00 -8.322450518608093262e-01
-1.020615339279174805e+00 -1.586915850639343262e+00 -8.322451114654541016e-01
-1.020615339279174805e+00 -1.586915969848632812e+00 -8.322450518608093262e-01
-1.020615339279174805e+00 -1.586915731430053711e+00 -8.322451114654541016e-01
-1.020615339279174805e+00 -1.586915850639343262e+00 -8.322451114654541016e-01
-1.020615339279174805e+00 -1.586915969848632812e+00 -8.322450518608093262e-01
-1.020615577697753906e+00 -1.586915969848632812e+00 -8.322450518608093262e-01
-1.020615339279174805e+00 -1.586915850639343262e+00 -8.322451114654541016e-01
-1.020615339279174805e+00 -1.586915850639343262e+00 -8.322451114654541016e-01
-1.020615339279174805e+00 -1.586915969848632812e+00 -8.322451114654541016e-01
-1.020615339279174805e+00 -1.586915969848632812e+00 -8.322451114654541016e-01
-1.020615339279174805e+00 -1.586915850639343262e+00 -8.322451114654541016e-01
-1.020615339279174805e+00 -1.586915969848632812e+00 -8.322450518608093262e-01
-1.020615339279174805e+00 -1.586915969848632812e+00 -8.322450518608093262e-01
-1.020615339279174805e+00 -1.586915850639343262e+00 -8.322451114654541016e-01
-1.020615339279174805e+00 -1.586915969848632812e+00 -8.322451114654541016e-01
-1.020615339279174805e+00 -1.586915850639343262e+00 -8.322451114654541016e-01
-1.020615339279174805e+00 -1.586915969848632812e+00 -8.322450518608093262e-01
-1.020615339279174805e+00 -1.586915850639343262e+00 -8.322451114654541016e-01
-1.020615339279174805e+00 -1.586915850639343262e+00 -8.322451114654541016e-01
-1.020615339279174805e+00 -1.586915969848632812e+00 -8.322451114654541016e-01
-1.020615339279174805e+00 -1.586915969848632812e+00 -8.322450518608093262e-01
-1.020615339279174805e+00 -1.586915850639343262e+00 -8.322451114654541016e-01
-1.020615339279174805e+00 -1.586915969848632812e+00 -8.322451114654541016e-01
-1.020615339279174805e+00 -1.586915969848632812e+00 -8.322450518608093262e-01
-1.020615339279174805e+00 -1.586915969848632812e+00 -8.322451114654541016e-01
-1.020615339279174805e+00 -1.586915850639343262e+00 -8.322451114654541016e-01
-1.020615339279174805e+00 -1.586915969848632812e+00 -8.322451114654541016e-01
-1.020615339279174805e+00 -1.586915850639343262e+00 -8.322451114654541016e-01
-1.020615339279174805e+00 -1.586915969848632812e+00 -8.322451114654541016e-01
-1.020615339279174805e+00 -1.586915850639343262e+00 -8.322451114654541016e-01
-1.020615339279174805e+00 -1.586915850639343262e+00 -8.322451114654541016e-01
-1.020615339279174805e+00 -1.586915969848632812e+00 -8.322450518608093262e-01
-1.020615339279174805e+00 -1.586915969848632812e+00 -8.322450518608093262e-01
-1.020615339279174805e+00 -1.586915969848632812e+00 -8.322451114654541016e-01
-1.020615339279174805e+00 -1.586915969848632812e+00 -8.322450518608093262e-01
-1.020615339279174805e+00 -1.586915969848632812e+00 -8.322450518608093262e-01
-1.020615339279174805e+00 -1.586915850639343262e+00 -8.322451114654541016e-01
-1.020615339279174805e+00 -1.586915850639343262e+00 -8.322451114654541016e-01
-1.020615339279174805e+00 -1.586915850639343262e+00 -8.322451114654541016e-01
-1.020615339279174805e+00 -1.586915850639343262e+00 -8.322451114654541016e-01
-1.020615339279174805e+00 -1.586915969848632812e+00 -8.322450518608093262e-01
-1.020615339279174805e+00 -1.586915850639343262e+00 -8.322451114654541016e-01
-1.020615339279174805e+00 -1.586915969848632812e+00 -8.322450518608093262e-01
-1.020615339279174805e+00 -1.586915850639343262e+00 -8.322451114654541016e-01
-1.020615339279174805e+00 -1.586915969848632812e+00 -8.322450518608093262e-01
-1.020615339279174805e+00 -1.586915731430053711e+00 -8.322451114654541016e-01
-1.020615339279174805e+00 -1.586915850639343262e+00 -8.322451114654541016e-01
-1.020615339279174805e+00 -1.586915969848632812e+00 -8.322450518608093262e-01
-1.020615339279174805e+00 -1.586915850639343262e+00 -8.322451114654541016e-01
-1.020615339279174805e+00 -1.586915969848632812e+00 -8.322451114654541016e-01
-1.020615339279174805e+00 -1.586915850639343262e+00 -8.322451114654541016e-01
-1.020615339279174805e+00 -1.586915850639343262e+00 -8.322451114654541016e-01
-1.020615339279174805e+00 -1.586915969848632812e+00 -8.322451114654541016e-01
-1.020615339279174805e+00 -1.586915850639343262e+00 -8.322451114654541016e-01
-1.020615339279174805e+00 -1.586915850639343262e+00 -8.322451114654541016e-01
-1.020615339279174805e+00 -1.586915969848632812e+00 -8.322451114654541016e-01
-1.020615458488464355e+00 -1.586915969848632812e+00 -8.322450518608093262e-01
-1.020615339279174805e+00 -1.586915969848632812e+00 -8.322450518608093262e-01
-1.020615339279174805e+00 -1.586915850639343262e+00 -8.322451114654541016e-01
-1.020615339279174805e+00 -1.586915969848632812e+00 -8.322450518608093262e-01
