-3.788633823394775391e+00 -1.108752936124801636e-01 -2.497102975845336914e+00
-3.788633823394775391e+00 -1.108752936124801636e-01 -2.497102975845336914e+00
-3.788634061813354492e+00 -1.108752936124801636e-01 -2.497103214263916016e+00
-3.788634300231933594e+00 -1.108752936124801636e-01 -2.497103452682495117e+00
-3.788633823394775391e+00 -1.108752936124801636e-01 -2.497102975845336914e+00
-3.788634061813354492e+00 -1.108752936124801636e-01 -2.497102975845336914e+00
-3.788633823394775391e+00 -1.108752936124801636e-01 -2.497102975845336914e+00
-3.788634300231933594e+00 -1.108752936124801636e-01 -2.497103452682495117e+00
-3.788633823394775391e+00 -1.108752936124801636e-01 -2.497102975845336914e+00
-3.788633823394775391e+00 -1.108752936124801636e-01 -2.497102975845336914e+00
-3.788634300231933594e+00 -1.108752936124801636e-01 -2.497103214263916016e+00
-3.788634300231933594e+00 -1.108752936124801636e-01 -2.497103214263916016e+00
-3.788633823394775391e+00 -1.108752936124801636e-01 -2.497102975845336914e+00
-3.788633823394775391e+00 -1.108752936124801636e-01 -2.497102975845336914e+00
-3.788634061813354492e+00 -1.108752936124801636e-01 -2.497102975845336914e+00
-3.788634300231933594e+00 -1.108752936124801636e-01 -2.497103452682495117e+00
-3.788634538650512695e+00 -1.108752936124801636e-01 -2.497103452682495117e+00
-3.788634061813354492e+00 -1.108752936124801636e-01 -2.497102975845336914e+00
-3.788634061813354492e+00 -1.108752936124801636e-01 -2.497102975845336914e+00
-3.788634061813354492e+00 -1.108752936124801636e-01 -2.497102975845336914e+00
-3.788634061813354492e+00 -1.108752936124801636e-01 -2.497103214263916016e+00
-3.788634061813354492e+00 -1.108752936124801636e-01 -2.497102975845336914e+00
-3.788633823394775391e+00 -1.108752936124801636e-01 -2.497102975845336914e+00
-3.788634061813354492e+00 -1.108752936124801636e-01 -2.497102975845336914e+00
-3.788634061813354492e+00 -1.108752936124801636e-01 -2.497102975845336914e+00
-3.788634061813354492e+00 -1.108752936124801636e-01 -2.497102975845336914e+00
-3.788634061813354492e+00 -1.108752936124801636e-01 -2.497103214263916016e+00
-3.788633584976196289e+00 -1.108752936124801636e-01 -2.497102737426757812e+00
-3.788634061813354492e+00 -1.108752936124801636e-01 -2.497102975845336914e+00
-3.788633823394775391e+00 -1.108752936124801636e-01 -2.497102975845336914e+00
-3.788634061813354492e+00 -1.108752936124801636e-01 -2.497102975845336914e+00
-3.788634061813354492e+00 -1.108752936124801636e-01 -2.497102975845336914e+00
-3.788634061813354492e+00 -1.108752936124801636e-01 -2.497102975845336914e+00
-3.788633823394775391e+00 -1.108752936124801636e-01 -2.497102975845336914e+00
-3.788633823394775391e+00 -1.108752936124801636e-01 -2.497102975845336914e+00
-3.788633823394775391e+00 -1.108752936124801636e-01 -2.497102975845336914e+00
-3.788634300231933594e+00 -1.108752936124801636e-01 -2.497103452682495117e+00
-3.788634061813354492e+00 -1.108752936124801636e-01 -2.497102975845336914e+00
-3.788633823394775391e+00 -1.108752936124801636e-01 -2.497102975845336914e+00
-3.788634061813354492e+00 -1.108752936124801636e-01 -2.497102975845336914e+00
-3.788634061813354492e+00 -1.108752936124801636e-01 -2.497102975845336914e+00
-3.788634300231933594e+00 -1.108752936124801636e-01 -2.497103214263916016e+00
-3.788634061813354492e+00 -1.108752936124801636e-01 -2.497102975845336914e+00
-3.788633823394775391e+00 -1.108752936124801636e-01 -2.497102975845336914e+00
-3.788634061813354492e+00 -1.108752936124801636e-01 -2.497102975845336914e+00
-3.788634061813354492e+00 -1.108752936124801636e-01 -2.497102975845336914e+00
-3.788633823394775391e+00 -1.108752936124801636e-01 -2.497102975845336914e+00
-3.788633823394775391e+00 -1.108752936124801636e-01 -2.497102975845336914e+00
-3.788633823394775391e+00 -1.108752936124801636e-01 -2.497102975845336914e+00
-3.788634300231933594e+00 -1.108752936124801636e-01 -2.497103452682495117e+00
-3.788633823394775391e+00 -1.108752936124801636e-01 -2.497102975845336914e+00
-3.788633584976196289e+00 -1.108752936124801636e-01 -2.497102737426757812e+00
-3.788633823394775391e+00 -1.108752936124801636e-01 -2.497102975845336914e+00
-3.788634061813354492e+00 -1.108752936124801636e-01 -2.497103214263916016e+00
-3.788633823394775391e+00 -1.108752936124801636e-01 -2.497102975845336914e+00
-3.788634061813354492e+00 -1.108752936124801636e-01 -2.497102975845336914e+00
-3.788634300231933594e+00 -1.108752936124801636e-01 -2.497103452682495117e+00
-3.788633823394775391e+00 -1.108752936124801636e-01 -2.497102975845336914e+00
-3.788634061813354492e+00 -1.108752936124801636e-01 -2.497102975845336914e+00
-3.788634300231933594e+00 -1.108752936124801636e-01 -2.497103452682495117e+00
-3.788634061813354492e+00 -1.108752936124801636e-01 -2.497103214263916016e+00
-3.788633823394775391e+00 -1.108752936124801636e-01 -2.497102975845336914e+00
-3.788634061813354492e+00 -1.108752936124801636e-01 -2.497102975845336914e+00
-3.788634300231933594e+00 -1.108752936124801636e-01 -2.497103214263916016e+00
-3.788633823394775391e+00 -1.108752936124801636e-01 -2.497102975845336914e+00
-3.788633823394775391e+00 -1.108752936124801636e-01 -2.497102975845336914e+00
-3.788633823394775391e+00 -1.108752936124801636e-01 -2.497102975845336914e+00
-3.788634300231933594e+00 -1.108752936124801636e-01 -2.497103452682495117e+00
-3.788633823394775391e+00 -1.108752936124801636e-01 -2.497102975845336914e+00
-3.788634061813354492e+00 -1.108752936124801636e-01 -2.497102975845336914e+00
-3.788634300231933594e+00 -1.108752936124801636e-01 -2.497103452682495117e+00
-3.788633823394775391e+00 -1.108752936124801636e-01 -2.497102975845336914e+00
-3.788634061813354492e+00 -1.108752936124801636e-01 -2.497103214263916016e+00
-3.788634061813354492e+00 -1.108752936124801636e-01 -2.497103214263916016e+00
-3.788634061813354492e+00 -1.108752936124801636e-01 -2.497103214263916016e+00
-3.788634061813354492e+00 -1.108752936124801636e-01 -2.497102975845336914e+00
-3.788634538650512695e+00 -1.108752936124801636e-01 -2.497103452682495117e+00
-3.788633823394775391e+00 -1.108752936124801636e-01 -2.497102975845336914e+00
-3.788634061813354492e+00 -1.108752936124801636e-01 -2.497102975845336914e+00
-3.788634061813354492e+00 -1.108752936124801636e-01 -2.497103214263916016e+00
-3.788634061813354492e+00 -1.108752936124801636e-01 -2.497103214263916016e+00
-3.788633823394775391e+00 -1.108752936124801636e-01 -2.497102975845336914e+00
-3.788633823394775391e+00 -1.108752936124801636e-01 -2.497102975845336914e+00
-3.788633823394775391e+00 -1.108752936124801636e-01 -2.497102975845336914e+00
-3.788634061813354492e+00 -1.108752936124801636e-01 -2.497103214263916016e+00
-3.788634061813354492e+00 -1.108752936124801636e-01 -2.497102975845336914e+00
-3.788634061813354492e+00 -1.108752936124801636e-01 -2.497103214263916016e+00
-3.788634061813354492e+00 -1.108752936124801636e-01 -2.497102975845336914e+00
-3.788634061813354492e+00 -1.108752936124801636e-01 -2.497102975845336914e+00
-3.788634061813354492e+00 -1.108752936124801636e-01 -2.497102975845336914e+00
-3.788633823394775391e+00 -1.108752936124801636e-01 -2.497102975845336914e+00
-3.788633823394775391e+00 -1.108752936124801636e-01 -2.497102975845336914e+00
-3.788634300231933594e+00 -1.108752936124801636e-01 -2.497103452682495117e+00
-3.788634061813354492e+00 -1.108752936124801636e-01 -2.497102975845336914e+00
-3.788634061813354492e+00 -1.108752936124801636e-01 -2.497103214263916016e+00
-3.788634061813354492e+00 -1.108752936124801636e-01 -2.497102975845336914e+00
-3.788634061813354492e+00 -1.108752936124801636e-01 -2.497103214263916016e+00
-3.788634061813354492e+00 -1.108752936124801636e-01 -2.497103214263916016e+00
-3.788634300231933594e+00 -1.108752936124801636e-01 -2.497103214263916016e+00
-3.788634061813354492e+00 -1.108752936124801636e-01 -2.497102975845336914e+00
