-1.908895134925842285e+00 -3.709842681884765625e+00 -1.896186321973800659e-01
-1.908895254135131836e+00 -3.709842681884765625e+00 -1.896186321973800659e-01
-1.908895254135131836e+00 -3.709842681884765625e+00 -1.896186321973800659e-01
-1.908895492553710938e+00 -3.709843158721923828e+00 -1.896185278892517090e-01
-1.908895254135131836e+00 -3.709842681884765625e+00 -1.896185278892517090e-01
-1.908895254135131836e+00 -3.709842920303344727e+00 -1.896185278892517090e-01
-1.908895254135131836e+00 -3.709842920303344727e+00 -1.896185278892517090e-01
-1.908895254135131836e+00 -3.709842920303344727e+00 -1.896185278892517090e-01
-1.908895254135131836e+00 -3.709842681884765625e+00 -1.896186321973800659e-01
-1.908895492553710938e+00 -3.709842920303344727e+00 -1.896185278892517090e-01
-1.908895254135131836e+00 -3.709842920303344727e+00 -1.896185278892517090e-01
-1.908895254135131836e+00 -3.709842920303344727e+00 -1.896185278892517090e-01
-1.908895492553710938e+00 -3.709843158721923828e+00 -1.896185278892517090e-01
-1.908895492553710938e+00 -3.709842920303344727e+00 -1.896185278892517090e-01
-1.908895492553710938e+00 -3.709843158721923828e+00 -1.896185278892517090e-01
-1.908895492553710938e+00 -3.709843158721923828e+00 -1.896185278892517090e-01
-1.908895254135131836e+00 -3.709842681884765625e+00 -1.896186321973800659e-01
-1.908895492553710938e+00 -3.709843158721923828e+00 -1.896185278892517090e-01
-1.908895254135131836e+00 -3.709842681884765625e+00 -1.896186321973800659e-01
-1.908895492553710938e+00 -3.709842920303344727e+00 -1.896185278892517090e-01
-1.908895254135131836e+00 -3.709842920303344727e+00 -1.896185278892517090e-01
-1.908895492553710938e+00 -3.709842920303344727e+00 -1.896185278892517090e-01
-1.908895254135131836e+00 -3.709842920303344727e+00 -1.896185278892517090e-01
-1.908895254135131836e+00 -3.709842920303344727e+00 -1.896185278892517090e-01
-1.908895254135131836e+00 -3.709842681884765625e+00 -1.896186321973800659e-01
-1.908895492553710938e+00 -3.709842920303344727e+00 -1.896185278892517090e-01
-1.908895254135131836e+00 -3.709842681884765625e+00 -1.896186321973800659e-01
-1.908895254135131836e+00 -3.709842681884765625e+00 -1.896186321973800659e-01
-1.908895254135131836e+00 -3.709842920303344727e+00 -1.896185278892517090e-01
-1.908895254135131836e+00 -3.709842681884765625e+00 -1.896186321973800659e-01
-1.908895492553710938e+00 -3.709842920303344727e+00 -1.896185278892517090e-01
-1.908895492553710938e+00 -3.709843158721923828e+00 -1.896185278892517090e-01
-1.908895254135131836e+00 -3.709842920303344727e+00 -1.896185278892517090e-01
-1.908895254135131836e+00 -3.709842920303344727e+00 -1.896185278892517090e-01
-1.908895730972290039e+00 -3.709843158721923828e+00 -1.896185278892517090e-01
-1.908895254135131836e+00 -3.709842920303344727e+00 -1.896185278892517090e-01
-1.908895492553710938e+00 -3.709843158721923828e+00 -1.896185278892517090e-01
-1.908895254135131836e+00 -3.709842920303344727e+00 -1.896185278892517090e-01
-1.908895254135131836e+00 -3.709842920303344727e+00 -1.896185278892517090e-01
-1.908895492553710938e+00 -3.709842920303344727e+00 -1.896185278892517090e-01
-1.908895254135131836e+00 -3.709842920303344727e+00 -1.896185278892517090e-01
-1.908895254135131836e+00 -3.709842920303344727e+00 -1.896185278892517090e-01
-1.908895254135131836e+00 -3.709842681884765625e+00 -1.896186321973800659e-01
-1.908895492553710938e+00 -3.709843158721923828e+00 -1.896185278892517090e-01
-1.908895492553710938e+00 -3.709843158721923828e+00 -1.896185278892517090e-01
-1.908895254135131836e+00 -3.709842920303344727e+00 -1.896185278892517090e-01
-1.908895254135131836e+00 -3.709842681884765625e+00 -1.896186321973800659e-01
-1.908895254135131836e+00 -3.709842920303344727e+00 -1.896185278892517090e-01
-1.908895254135131836e+00 -3.709842920303344727e+00 -1.896185278892517090e-01
-1.908895254135131836e+00 -3.709842920303344727e+00 -1.896185278892517090e-01
-1.908895254135131836e+00 -3.709842920303344727e+00 -1.896185278892517090e-01
-1.908895492553710938e+00 -3.709843158721923828e+00 -1.896185278892517090e-01
-1.908895254135131836e+00 -3.709842920303344727e+00 -1.896185278892517090e-01
-1.908895492553710938e+00 -3.709843158721923828e+00 -1.896185278892517090e-01
-1.908895492553710938e+00 -3.709842920303344727e+00 -1.896185278892517090e-01
-1.908895492553710938e+00 -3.709843158721923828e+00 -1.896185278892517090e-01
-1.908895492553710938e+00 -3.709842920303344727e+00 -1.896185278892517090e-01
-1.908895492553710938e+00 -3.709842920303344727e+00 -1.896185278892517090e-01
-1.908895492553710938e+00 -3.709843158721923828e+00 -1.896185278892517090e-01
-1.908895492553710938e+00 -3.709843158721923828e+00 -1.896185278892517090e-01
-1.908895254135131836e+00 -3.709842920303344727e+00 -1.896185278892517090e-01
-1.908895254135131836e+00 -3.709842920303344727e+00 -1.896185278892517090e-01
-1.908895492553710938e+00 -3.709842920303344727e+00 -1.896185278892517090e-01
-1.908895254135131836e+00 -3.709842681884765625e+00 -1.896186321973800659e-01
-1.908895254135131836e+00 -3.709842920303344727e+00 -1.896185278892517090e-01
-1.908895492553710938e+00 -3.709842920303344727e+00 -1.896185278892517090e-01
-1.908895492553710938e+00 -3.709843158721923828e+00 -1.896185278892517090e-01
-1.908895254135131836e+00 -3.709842920303344727e+00 -1.896185278892517090e-01
-1.908895254135131836e+00 -3.709842681884765625e+00 -1.896186321973800659e-01
-1.908895254135131836e+00 -3.709842920303344727e+00 -1.896185278892517090e-01
-1.908895492553710938e+00 -3.709842920303344727e+00 -1.896185278892517090e-01
-1.908895254135131836e+00 -3.709842920303344727e+00 -1.896185278892517090e-01
-1.908895134925842285e+00 -3.709842681884765625e+00 -1.896186321973800659e-01
-1.908895254135131836e+00 -3.709842920303344727e+00 -1.896185278892517090e-01
-1.908895492553710938e+00 -3.709843158721923828e+00 -1.896185278892517090e-01
-1.908895492553710938e+00 -3.709843158721923828e+00 -1.896185278892517090e-01
-1.908895254135131836e+00 -3.709842920303344727e+00 -1.896185278892517090e-01
-1.908895254135131836e+00 -3.709842920303344727e+00 -1.896185278892517090e-01
-1.908895492553710938e+00 -3.709842920303344727e+00 -1.896185278892517090e-01
-1.908895254135131836e+00 -3.709842920303344727e+00 -1.896185278892517090e-01
-1.908895492553710938e+00 -3.709842920303344727e+00 -1.896185278892517090e-01
-1.908895492553710938e+00 -3.709843158721923828e+00 -1.896185278892517090e-01
-1.908895492553710938e+00 -3.709843158721923828e+00 -1.896185278892517090e-01
-1.908895254135131836e+00 -3.709842920303344727e+00 -1.896185278892517090e-01
-1.908895254135131836e+00 -3.709842920303344727e+00 -1.896185278892517090e-01
-1.908895254135131836e+00 -3.709842920303344727e+00 -1.896185278892517090e-01
-1.908895492553710938e+00 -3.709842920303344727e+00 -1.896185278892517090e-01
-1.908895254135131836e+00 -3.709842920303344727e+00 -1.896185278892517090e-01
-1.908895492553710938e+00 -3.709842920303344727e+00 -1.896185278892517090e-01
-1.908895254135131836e+00 -3.709842920303344727e+00 -1.896185278892517090e-01
-1.908895492553710938e+00 -3.709842920303344727e+00 -1.896185278892517090e-01
-1.908895254135131836e+00 -3.709842920303344727e+00 -1.896185278892517090e-01
-1.908895254135131836e+00 -3.709842920303344727e+00 -1.896185278892517090e-01
-1.908895492553710938e+00 -3.709842920303344727e+00 -1.896185278892517090e-01
-1.908895254135131836e+00 -3.709842681884765625e+00 -1.896186321973800659e-01
-1.908895254135131836e+00 -3.709842920303344727e+00 -1.896185278892517090e-01
-1.908895492553710938e+00 -3.709842920303344727e+00 -1.896185278892517090e-01
-1.908895254135131836e+00 -3.709842920303344727e+00 -1.896185278892517090e-01
-1.908895492553710938e+00 -3.709842920303344727e+00 -1.896185278892517090e-01
