-1.929954051971435547e+00 -9.217262268066406250e-01 -7.830424308776855469e-01
-1.929954171180725098e+00 -9.217263460159301758e-01 -7.830424308776855469e-01
-1.929954051971435547e+00 -9.217263460159301758e-01 -7.830424308776855469e-01
-1.929954051971435547e+00 -9.217262268066406250e-01 -7.830424308776855469e-01
-1.929954171180725098e+00 -9.217263460159301758e-01 -7.830424308776855469e-01
-1.929954051971435547e+00 -9.217262268066406250e-01 -7.830424308776855469e-01
-1.929954051971435547e+00 -9.217262268066406250e-01 -7.830424308776855469e-01
-1.929954171180725098e+00 -9.217262268066406250e-01 -7.830424308776855469e-01
-1.929953932762145996e+00 -9.217261075973510742e-01 -7.830424308776855469e-01
-1.929954051971435547e+00 -9.217263460159301758e-01 -7.830424308776855469e-01
-1.929954051971435547e+00 -9.217263460159301758e-01 -7.830424308776855469e-01
-1.929954051971435547e+00 -9.217263460159301758e-01 -7.830424308776855469e-01
-1.929954171180725098e+00 -9.217263460159301758e-01 -7.830424308776855469e-01
-1.929954171180725098e+00 -9.217263460159301758e-01 -7.830424308776855469e-01
-1.929954171180725098e+00 -9.217263460159301758e-01 -7.830424308776855469e-01
-1.929954051971435547e+00 -9.217263460159301758e-01 -7.830424308776855469e-01
-1.929954051971435547e+00 -9.217262268066406250e-01 -7.830424308776855469e-01
-1.929954290390014648e+00 -9.217263460159301758e-01 -7.830424308776855469e-01
-1.929954051971435547e+00 -9.217263460159301758e-01 -7.830424308776855469e-01
-1.929954051971435547e+00 -9.217263460159301758e-01 -7.830424308776855469e-01
-1.929954051971435547e+00 -9.217262268066406250e-01 -7.830424308776855469e-01
-1.929954051971435547e+00 -9.217263460159301758e-01 -7.830424308776855469e-01
-1.929954051971435547e+00 -9.217262268066406250e-01 -7.830424308776855469e-01
-1.929954171180725098e+00 -9.217263460159301758e-01 -7.830424308776855469e-01
-1.929954171180725098e+00 -9.217263460159301758e-01 -7.830424308776855469e-01
-1.929954171180725098e+00 -9.217263460159301758e-01 -7.830424308776855469e-01
-1.929954171180725098e+00 -9.217263460159301758e-01 -7.830424308776855469e-01
-1.929954051971435547e+00 -9.217262268066406250e-01 -7.830424308776855469e-01
-1.929954171180725098e+00 -9.217263460159301758e-01 -7.830424308776855469e-01
-1.929954171180725098e+00 -9.217263460159301758e-01 -7.830424308776855469e-01
-1.929954171180725098e+00 -9.217262268066406250e-01 -7.830424308776855469e-01
-1.929954051971435547e+00 -9.217262268066406250e-01 -7.830424308776855469e-01
-1.929954051971435547e+00 -9.217262268066406250e-01 -7.830424308776855469e-01
-1.929954171180725098e+00 -9.217262268066406250e-01 -7.830424308776855469e-01
-1.929954051971435547e+00 -9.217262268066406250e-01 -7.830424308776855469e-01
-1.929954051971435547e+00 -9.217263460159301758e-01 -7.830424308776855469e-01
-1.929954171180725098e+00 -9.217263460159301758e-01 -7.830424308776855469e-01
-1.929954171180725098e+00 -9.217263460159301758e-01 -7.830424308776855469e-01
-1.929954290390014648e+00 -9.217263460159301758e-01 -7.830424308776855469e-01
-1.929954051971435547e+00 -9.217262268066406250e-01 -7.830424308776855469e-01
-1.929954171180725098e+00 -9.217263460159301758e-01 -7.830424308776855469e-01
-1.929954051971435547e+00 -9.217262268066406250e-01 -7.830424308776855469e-01
-1.929954051971435547e+00 -9.217263460159301758e-01 -7.830424308776855469e-01
-1.929954051971435547e+00 -9.217262268066406250e-01 -7.830424308776855469e-01
-1.929954051971435547e+00 -9.217262268066406250e-01 -7.830424308776855469e-01
-1.929954171180725098e+00 -9.217263460159301758e-01 -7.830424308776855469e-01
-1.929954051971435547e+00 -9.217263460159301758e-01 -7.830424308776855469e-01
-1.929954051971435547e+00 -9.217262268066406250e-01 -7.830424308776855469e-01
-1.929954171180725098e+00 -9.217263460159301758e-01 -7.830424308776855469e-01
-1.929954171180725098e+00 -9.217262268066406250e-01 -7.830424308776855469e-01
-1.929954051971435547e+00 -9.217263460159301758e-01 -7.830424308776855469e-01
-1.929954051971435547e+00 -9.217263460159301758e-01 -7.830424308776855469e-01
-1.929954171180725098e+00 -9.217262268066406250e-01 -7.830424308776855469e-01
-1.929954171180725098e+00 -9.217263460159301758e-01 -7.830424308776855469e-01
-1.929954051971435547e+00 -9.217263460159301758e-01 -7.830424308776855469e-01
-1.929954051971435547e+00 -9.217262268066406250e-01 -7.830424308776855469e-01
-1.929954051971435547e+00 -9.217262268066406250e-01 -7.830424308776855469e-01
-1.929954051971435547e+00 -9.217263460159301758e-01 -7.830424308776855469e-01
-1.929954051971435547e+00 -9.217262268066406250e-01 -7.830424308776855469e-01
-1.929954051971435547e+00 -9.217263460159301758e-01 -7.830424308776855469e-01
-1.929954051971435547e+00 -9.217262268066406250e-01 -7.830424308776855469e-01
-1.929954051971435547e+00 -9.217262268066406250e-01 -7.830424308776855469e-01
-1.929954051971435547e+00 -9.217263460159301758e-01 -7.830424308776855469e-01
-1.929954051971435547e+00 -9.217262268066406250e-01 -7.830424308776855469e-01
-1.929954051971435547e+00 -9.217263460159301758e-01 -7.830424308776855469e-01
-1.929954051971435547e+00 -9.217262268066406250e-01 -7.830424308776855469e-01
-1.929954290390014648e+00 -9.217263460159301758e-01 -7.830424308776855469e-01
-1.929954051971435547e+00 -9.217263460159301758e-01 -7.830424308776855469e-01
-1.929954171180725098e+00 -9.217262268066406250e-01 -7.830424308776855469e-01
-1.929954051971435547e+00 -9.217262268066406250e-01 -7.830424308776855469e-01
-1.929954051971435547e+00 -9.217262268066406250e-01 -7.830424308776855469e-01
-1.929954171180725098e+00 -9.217263460159301758e-01 -7.830424308776855469e-01
-1.929954051971435547e+00 -9.217263460159301758e-01 -7.830424308776855469e-01
-1.929954171180725098e+00 -9.217263460159301758e-01 -7.830424308776855469e-01
-1.929954051971435547e+00 -9.217263460159301758e-01 -7.830424308776855469e-01
-1.929954171180725098e+00 -9.217263460159301758e-01 -7.830424308776855469e-01
-1.929954051971435547e+00 -9.217262268066406250e-01 -7.830424308776855469e-01
-1.929954051971435547e+00 -9.217262268066406250e-01 -7.830424308776855469e-01
-1.929954051971435547e+00 -9.217263460159301758e-01 -7.830424308776855469e-01
-1.929954051971435547e+00 -9.217262268066406250e-01 -7.830424308776855469e-01
-1.929953932762145996e+00 -9.217262268066406250e-01 -7.830424308776855469e-01
-1.929954171180725098e+00 -9.217263460159301758e-01 -7.830424308776855469e-01
-1.929954171180725098e+00 -9.217263460159301758e-01 -7.830424308776855469e-01
-1.929954051971435547e+00 -9.217262268066406250e-01 -7.830424308776855469e-01
-1.929954051971435547e+00 -9.217262268066406250e-01 -7.830424308776855469e-01
-1.929954051971435547e+00 -9.217263460159301758e-01 -7.830424308776855469e-01
-1.929954171180725098e+00 -9.217263460159301758e-01 -7.830424308776855469e-01
-1.929954051971435547e+00 -9.217262268066406250e-01 -7.830424308776855469e-01
-1.929954051971435547e+00 -9.217262268066406250e-01 -7.830424308776855469e-01
-1.929954171180725098e+00 -9.217263460159301758e-01 -7.830424308776855469e-01
-1.929954051971435547e+00 -9.217262268066406250e-01 -7.830424308776855469e-01
-1.929954051971435547e+00 -9.217262268066406250e-01 -7.830424308776855469e-01
-1.929954051971435547e+00 -9.217262268066406250e-01 -7.830424308776855469e-01
-1.929954051971435547e+00 -9.217262268066406250e-01 -7.830424308776855469e-01
-1.929954051971435547e+00 -9.217263460159301758e-01 -7.830424308776855469e-01
-1.929954171180725098e+00 -9.217262268066406250e-01 -7.830424308776855469e-01
-1.929954051971435547e+00 -9.217262268066406250e-01 -7.830424308776855469e-01
-1.929954171180725098e+00 -9.217263460159301758e-01 -7.830424308776855469e-01
-1.929954051971435547e+00 -9.217262268066406250e-01 -7.830424308776855469e-01
-1.929954051971435547e+00 -9.217263460159301758e-01 -7.830424308776855469e-01
-1.929954171180725098e+00 -9.217263460159301758e-01 -7.830424308776855469e-01
-1.929954171180725098e+00 -9.217263460159301758e-01 -7.830424308776855469e-01
