-3.360364675521850586e+00 -2.478789567947387695e+00 -1.262065470218658447e-01
-3.360364675521850586e+00 -2.478789567947387695e+00 -1.262065470218658447e-01
-3.360364437103271484e+00 -2.478789567947387695e+00 -1.262066513299942017e-01
-3.360364675521850586e+00 -2.478789567947387695e+00 -1.262065470218658447e-01
-3.360364437103271484e+00 -2.478789329528808594e+00 -1.262066513299942017e-01
-3.360364437103271484e+00 -2.478789329528808594e+00 -1.262066513299942017e-01
-3.360364675521850586e+00 -2.478789567947387695e+00 -1.262065470218658447e-01
-3.360364675521850586e+00 -2.478789567947387695e+00 -1.262065470218658447e-01
-3.360364437103271484e+00 -2.478789329528808594e+00 -1.262066513299942017e-01
-3.360364675521850586e+00 -2.478789567947387695e+00 -1.262065470218658447e-01
-3.360364675521850586e+00 -2.478789567947387695e+00 -1.262065470218658447e-01
-3.360364675521850586e+00 -2.478789567947387695e+00 -1.262065470218658447e-01
-3.360364675521850586e+00 -2.478789567947387695e+00 -1.262065470218658447e-01
-3.360364437103271484e+00 -2.478789329528808594e+00 -1.262066513299942017e-01
-3.360364675521850586e+00 -2.478789567947387695e+00 -1.262065470218658447e-01
-3.360364198684692383e+00 -2.478789091110229492e+00 -1.262066513299942017e-01
-3.360364437103271484e+00 -2.478789329528808594e+00 -1.262066513299942017e-01
-3.360364675521850586e+00 -2.478789567947387695e+00 -1.262065470218658447e-01
-3.360364437103271484e+00 -2.478789329528808594e+00 -1.262066513299942017e-01
-3.360364675521850586e+00 -2.478789567947387695e+00 -1.262065470218658447e-01
-3.360364437103271484e+00 -2.478789329528808594e+00 -1.262066513299942017e-01
-3.360364675521850586e+00 -2.478789567947387695e+00 -1.262065470218658447e-01
-3.360364913940429688e+00 -2.478789806365966797e+00 -1.262065470218658447e-01
-3.360364913940429688e+00 -2.478789806365966797e+00 -1.262065470218658447e-01
-3.360364675521850586e+00 -2.478789567947387695e+00 -1.262065470218658447e-01
-3.360364437103271484e+00 -2.478789329528808594e+00 -1.262066513299942017e-01
-3.360364675521850586e+00 -2.478789567947387695e+00 -1.262065470218658447e-01
-3.360364675521850586e+00 -2.478789567947387695e+00 -1.262065470218658447e-01
-3.360364437103271484e+00 -2.478789329528808594e+00 -1.262066513299942017e-01
-3.360364913940429688e+00 -2.478789806365966797e+00 -1.262065470218658447e-01
-3.360364913940429688e+00 -2.478789806365966797e+00 -1.262065470218658447e-01
-3.360364675521850586e+00 -2.478789567947387695e+00 -1.262065470218658447e-01
-3.360364675521850586e+00 -2.478789567947387695e+00 -1.262065470218658447e-01
-3.360364675521850586e+00 -2.478789567947387695e+00 -1.262065470218658447e-01
-3.360364675521850586e+00 -2.478789567947387695e+00 -1.262065470218658447e-01
-3.360364437103271484e+00 -2.478789329528808594e+00 -1.262066513299942017e-01
-3.360364675521850586e+00 -2.478789567947387695e+00 -1.262065470218658447e-01
-3.360364437103271484e+00 -2.478789329528808594e+00 -1.262066513299942017e-01
-3.360364675521850586e+00 -2.478789567947387695e+00 -1.262065470218658447e-01
-3.360364437103271484e+00 -2.478789329528808594e+00 -1.262066513299942017e-01
-3.360364437103271484e+00 -2.478789329528808594e+00 -1.262066513299942017e-01
-3.360364437103271484e+00 -2.478789567947387695e+00 -1.262066513299942017e-01
-3.360364675521850586e+00 -2.478789567947387695e+00 -1.262065470218658447e-01
-3.360364437103271484e+00 -2.478789329528808594e+00 -1.262066513299942017e-01
-3.360364675521850586e+00 -2.478789567947387695e+00 -1.262065470218658447e-01
-3.360364675521850586e+00 -2.478789567947387695e+00 -1.262065470218658447e-01
-3.360364437103271484e+00 -2.478789567947387695e+00 -1.262066513299942017e-01
-3.360364675521850586e+00 -2.478789567947387695e+00 -1.262065470218658447e-01
-3.360364675521850586e+00 -2.478789567947387695e+00 -1.262065470218658447e-01
-3.360364437103271484e+00 -2.478789329528808594e+00 -1.262066513299942017e-01
-3.360364913940429688e+00 -2.478789806365966797e+00 -1.262065470218658447e-01
-3.360364675521850586e+00 -2.478789567947387695e+00 -1.262065470218658447e-01
-3.360364675521850586e+00 -2.478789567947387695e+00 -1.262065470218658447e-01
-3.360364913940429688e+00 -2.478789806365966797e+00 -1.262065470218658447e-01
-3.360364437103271484e+00 -2.478789329528808594e+00 -1.262066513299942017e-01
-3.360364437103271484e+00 -2.478789329528808594e+00 -1.262066513299942017e-01
-3.360364198684692383e+00 -2.478789091110229492e+00 -1.262066513299942017e-01
-3.360364437103271484e+00 -2.478789329528808594e+00 -1.262066513299942017e-01
-3.360364675521850586e+00 -2.478789567947387695e+00 -1.262065470218658447e-01
-3.360364675521850586e+00 -2.478789567947387695e+00 -1.262065470218658447e-01
-3.360364675521850586e+00 -2.478789567947387695e+00 -1.262065470218658447e-01
-3.360364437103271484e+00 -2.478789329528808594e+00 -1.262066513299942017e-01
-3.360364437103271484e+00 -2.478789329528808594e+00 -1.262066513299942017e-01
-3.360364675521850586e+00 -2.478789567947387695e+00 -1.262065470218658447e-01
-3.360364675521850586e+00 -2.478789567947387695e+00 -1.262065470218658447e-01
-3.360364437103271484e+00 -2.478789329528808594e+00 -1.262066513299942017e-01
-3.360364675521850586e+00 -2.478789567947387695e+00 -1.262065470218658447e-01
-3.360364675521850586e+00 -2.478789567947387695e+00 -1.262065470218658447e-01
-3.360364437103271484e+00 -2.478789329528808594e+00 -1.262066513299942017e-01
-3.360364675521850586e+00 -2.478789567947387695e+00 -1.262065470218658447e-01
-3.360364437103271484e+00 -2.478789329528808594e+00 -1.262066513299942017e-01
-3.360364437103271484e+00 -2.478789329528808594e+00 -1.262066513299942017e-01
-3.360364437103271484e+00 -2.478789329528808594e+00 -1.262066513299942017e-01
-3.360364437103271484e+00 -2.478789329528808594e+00 -1.262066513299942017e-01
-3.360364437103271484e+00 -2.478789329528808594e+00 -1.262066513299942017e-01
-3.360364437103271484e+00 -2.478789329528808594e+00 -1.262066513299942017e-01
-3.360364675521850586e+00 -2.478789567947387695e+00 -1.262065470218658447e-01
-3.360364437103271484e+00 -2.478789329528808594e+00 -1.262066513299942017e-01
-3.360364437103271484e+00 -2.478789329528808594e+00 -1.262066513299942017e-01
-3.360364675521850586e+00 -2.478789567947387695e+00 -1.262065470218658447e-01
-3.360364675521850586e+00 -2.478789567947387695e+00 -1.262065470218658447e-01
-3.360364437103271484e+00 -2.478789329528808594e+00 -1.262066513299942017e-01
-3.360364437103271484e+00 -2.478789329528808594e+00 -1.262066513299942017e-01
-3.360364675521850586e+00 -2.478789567947387695e+00 -1.262065470218658447e-01
-3.360364675521850586e+00 -2.478789567947387695e+00 -1.262065470218658447e-01
-3.360364675521850586e+00 -2.478789567947387695e+00 -1.262065470218658447e-01
-3.360364437103271484e+00 -2.478789329528808594e+00 -1.262066513299942017e-01
-3.360364675521850586e+00 -2.478789567947387695e+00 -1.262065470218658447e-01
-3.360364437103271484e+00 -2.478789329528808594e+00 -1.262066513299942017e-01
-3.360364437103271484e+00 -2.478789567947387695e+00 -1.262066513299942017e-01
-3.360364437103271484e+00 -2.478789329528808594e+00 -1.262066513299942017e-01
-3.360364437103271484e+00 -2.478789329528808594e+00 -1.262066513299942017e-01
-3.360364675521850586e+00 -2.478789567947387695e+00 -1.262065470218658447e-01
-3.360364437103271484e+00 -2.478789329528808594e+00 -1.262066513299942017e-01
-3.360364675521850586e+00 -2.478789567947387695e+00 -1.262065470218658447e-01
-3.360364437103271484e+00 -2.478789329528808594e+00 -1.262066513299942017e-01
