-4.621932506561279297e-01 -1.767049789428710938e+00 -1.613129258155822754e+00
-4.621932506561279297e-01 -1.767049789428710938e+00 -1.613129138946533203e+00
-4.621931016445159912e-01 -1.767049908638000488e+00 -1.613129258155822754e+00
-4.621932506561279297e-01 -1.767049789428710938e+00 -1.613129138946533203e+00
-4.621931016445159912e-01 -1.767049908638000488e+00 -1.613129258155822754e+00
-4.621931910514831543e-01 -1.767049789428710938e+00 -1.613129138946533203e+00
-4.621931016445159912e-01 -1.767050027847290039e+00 -1.613129377365112305e+00
-4.621931016445159912e-01 -1.767049789428710938e+00 -1.613129258155822754e+00
-4.621931016445159912e-01 -1.767049908638000488e+00 -1.613129258155822754e+00
-4.621931910514831543e-01 -1.767049789428710938e+00 -1.613129138946533203e+00
-4.621931910514831543e-01 -1.767049789428710938e+00 -1.613129138946533203e+00
-4.621931016445159912e-01 -1.767050027847290039e+00 -1.613129377365112305e+00
-4.621931016445159912e-01 -1.767049908638000488e+00 -1.613129258155822754e+00
-4.621931016445159912e-01 -1.767050027847290039e+00 -1.613129377365112305e+00
-4.621931016445159912e-01 -1.767049908638000488e+00 -1.613129258155822754e+00
-4.621931016445159912e-01 -1.767049908638000488e+00 -1.613129258155822754e+00
-4.621931016445159912e-01 -1.767049908638000488e+00 -1.613129258155822754e+00
-4.621931016445159912e-01 -1.767049789428710938e+00 -1.613129258155822754e+00
-4.621931016445159912e-01 -1.767049908638000488e+00 -1.613129258155822754e+00
-4.621931016445159912e-01 -1.767049908638000488e+00 -1.613129258155822754e+00
-4.621931910514831543e-01 -1.767049789428710938e+00 -1.613129138946533203e+00
-4.621932506561279297e-01 -1.767049789428710938e+00 -1.613129138946533203e+00
-4.621932506561279297e-01 -1.767049789428710938e+00 -1.613129138946533203e+00
-4.621931910514831543e-01 -1.767049789428710938e+00 -1.613129138946533203e+00
-4.621931910514831543e-01 -1.767049789428710938e+00 -1.613129138946533203e+00
-4.621931016445159912e-01 -1.767049908638000488e+00 -1.613129258155822754e+00
-4.621932506561279297e-01 -1.767049789428710938e+00 -1.613129138946533203e+00
-4.621931910514831543e-01 -1.767049789428710938e+00 -1.613129138946533203e+00
-4.621931910514831543e-01 -1.767049789428710938e+00 -1.613129138946533203e+00
-4.621932506561279297e-01 -1.767049789428710938e+00 -1.613129138946533203e+00
-4.621931016445159912e-01 -1.767050027847290039e+00 -1.613129377365112305e+00
-4.621931016445159912e-01 -1.767049908638000488e+00 -1.613129258155822754e+00
-4.621931016445159912e-01 -1.767049789428710938e+00 -1.613129258155822754e+00
-4.621931910514831543e-01 -1.767049789428710938e+00 -1.613129138946533203e+00
-4.621932506561279297e-01 -1.767049789428710938e+00 -1.613129258155822754e+00
-4.621931016445159912e-01 -1.767049908638000488e+00 -1.613129258155822754e+00
-4.621931910514831543e-01 -1.767049789428710938e+00 -1.613129138946533203e+00
-4.621931910514831543e-01 -1.767049789428710938e+00 -1.613129138946533203e+00
-4.621931016445159912e-01 -1.767049908638000488e+00 -1.613129258155822754e+00
-4.621931016445159912e-01 -1.767050027847290039e+00 -1.613129377365112305e+00
-4.621931910514831543e-01 -1.767049789428710938e+00 -1.613129138946533203e+00
-4.621931016445159912e-01 -1.767050027847290039e+00 -1.613129377365112305e+00
-4.621932506561279297e-01 -1.767049789428710938e+00 -1.613129138946533203e+00
-4.621931016445159912e-01 -1.767049908638000488e+00 -1.613129258155822754e+00
-4.621931016445159912e-01 -1.767049908638000488e+00 -1.613129258155822754e+00
-4.621931016445159912e-01 -1.767049789428710938e+00 -1.613129258155822754e+00
-4.621931910514831543e-01 -1.767050027847290039e+00 -1.613129138946533203e+00
-4.621932506561279297e-01 -1.767049789428710938e+00 -1.613129138946533203e+00
-4.621931016445159912e-01 -1.767049908638000488e+00 -1.613129258155822754e+00
-4.621931016445159912e-01 -1.767049908638000488e+00 -1.613129258155822754e+00
-4.621931016445159912e-01 -1.767049789428710938e+00 -1.613129258155822754e+00
-4.621931016445159912e-01 -1.767049908638000488e+00 -1.613129258155822754e+00
-4.621931910514831543e-01 -1.767049789428710938e+00 -1.613129138946533203e+00
-4.621931016445159912e-01 -1.767049908638000488e+00 -1.613129258155822754e+00
-4.621931910514831543e-01 -1.767049789428710938e+00 -1.613129138946533203e+00
-4.621932506561279297e-01 -1.767049789428710938e+00 -1.613129258155822754e+00
-4.621931016445159912e-01 -1.767049908638000488e+00 -1.613129258155822754e+00
-4.621931016445159912e-01 -1.767050027847290039e+00 -1.613129377365112305e+00
-4.621931910514831543e-01 -1.767049789428710938e+00 -1.613129138946533203e+00
-4.621932506561279297e-01 -1.767049789428710938e+00 -1.613129138946533203e+00
-4.621931016445159912e-01 -1.767049908638000488e+00 -1.613129258155822754e+00
-4.621932506561279297e-01 -1.767049789428710938e+00 -1.613129138946533203e+00
-4.621931910514831543e-01 -1.767049789428710938e+00 -1.613129138946533203e+00
-4.621932506561279297e-01 -1.767049789428710938e+00 -1.613129258155822754e+00
-4.621932506561279297e-01 -1.767049789428710938e+00 -1.613129258155822754e+00
-4.621931910514831543e-01 -1.767049789428710938e+00 -1.613129138946533203e+00
-4.621931910514831543e-01 -1.767049789428710938e+00 -1.613129138946533203e+00
-4.621931016445159912e-01 -1.767049908638000488e+00 -1.613129258155822754e+00
-4.621931910514831543e-01 -1.767049789428710938e+00 -1.613129138946533203e+00
-4.621931016445159912e-01 -1.767050147056579590e+00 -1.613129496574401855e+00
-4.621931910514831543e-01 -1.767049789428710938e+00 -1.613129138946533203e+00
-4.621932506561279297e-01 -1.767049789428710938e+00 -1.613129138946533203e+00
-4.621931910514831543e-01 -1.767049789428710938e+00 -1.613129138946533203e+00
-4.621932506561279297e-01 -1.767049789428710938e+00 -1.613129138946533203e+00
-4.621931910514831543e-01 -1.767049789428710938e+00 -1.613129138946533203e+00
-4.621931016445159912e-01 -1.767049789428710938e+00 -1.613129258155822754e+00
-4.621931910514831543e-01 -1.767050027847290039e+00 -1.613129138946533203e+00
-4.621932506561279297e-01 -1.767049789428710938e+00 -1.613129258155822754e+00
-4.621931910514831543e-01 -1.767049789428710938e+00 -1.613129138946533203e+00
-4.621931016445159912e-01 -1.767049908638000488e+00 -1.613129258155822754e+00
-4.621931910514831543e-01 -1.767049789428710938e+00 -1.613129138946533203e+00
-4.621931016445159912e-01 -1.767049789428710938e+00 -1.613129258155822754e+00
-4.621931016445159912e-01 -1.767049908638000488e+00 -1.613129258155822754e+00
-4.621931910514831543e-01 -1.767049789428710938e+00 -1.613129138946533203e+00
-4.621932506561279297e-01 -1.767049789428710938e+00 -1.613129258155822754e+00
-4.621931016445159912e-01 -1.767049908638000488e+00 -1.613129258155822754e+00
-4.621931016445159912e-01 -1.767050027847290039e+00 -1.613129377365112305e+00
-4.621931016445159912e-01 -1.767049908638000488e+00 -1.613129258155822754e+00
-4.621931910514831543e-01 -1.767049789428710938e+00 -1.613129138946533203e+00
-4.621931910514831543e-01 -1.767049789428710938e+00 -1.613129138946533203e+00
-4.621931910514831543e-01 -1.767049789428710938e+00 -1.613129138946533203e+00
-4.621931016445159912e-01 -1.767049789428710938e+00 -1.613129258155822754e+00
-4.621931910514831543e-01 -1.767049789428710938e+00 -1.613129138946533203e+00
-4.621931016445159912e-01 -1.767049789428710938e+00 -1.613129258155822754e+00
-4.621931910514831543e-01 -1.767049789428710938e+00 -1.613129138946533203e+00
-4.621931016445159912e-01 -1.767049908638000488e+00 -1.613129258155822754e+00
-4.621931016445159912e-01 -1.767049789428710938e+00 -1.613129258155822754e+00
-4.621931910514831543e-01 -1.767049789428710938e+00 -1.613129138946533203e+00
-4.621931016445159912e-01 -1.767049908638000488e+00 -1.613129258155822754e+00
-4.621932506561279297e-01 -1.767049789428710938e+00 -1.613129258155822754e+00
-4.621931016445159912e-01 -1.767049908638000488e+00 -1.613129258155822754e+00
