-4.182766914367675781e+00 -1.967253386974334717e-01 -1.811997652053833008e+00
-4.182766914367675781e+00 -1.967253386974334717e-01 -1.811997652053833008e+00
-4.182766914367675781e+00 -1.967253386974334717e-01 -1.811997771263122559e+00
-4.182766914367675781e+00 -1.967253386974334717e-01 -1.811997771263122559e+00
-4.182766914367675781e+00 -1.967253386974334717e-01 -1.811997771263122559e+00
-4.182766914367675781e+00 -1.967253386974334717e-01 -1.811997652053833008e+00
-4.182766914367675781e+00 -1.967253386974334717e-01 -1.811997652053833008e+00
-4.182766914367675781e+00 -1.967253386974334717e-01 -1.811997652053833008e+00
-4.182766437530517578e+00 -1.967253386974334717e-01 -1.811997413635253906e+00
-4.182766914367675781e+00 -1.967253386974334717e-01 -1.811997771263122559e+00
-4.182766437530517578e+00 -1.967253386974334717e-01 -1.811997532844543457e+00
-4.182766914367675781e+00 -1.967253386974334717e-01 -1.811997890472412109e+00
-4.182766914367675781e+00 -1.967253386974334717e-01 -1.811997652053833008e+00
-4.182766914367675781e+00 -1.967253386974334717e-01 -1.811997532844543457e+00
-4.182766914367675781e+00 -1.967253386974334717e-01 -1.811997532844543457e+00
-4.182766914367675781e+00 -1.967253386974334717e-01 -1.811997652053833008e+00
-4.182766437530517578e+00 -1.967254281044006348e-01 -1.811997413635253906e+00
-4.182766914367675781e+00 -1.967253386974334717e-01 -1.811997771263122559e+00
-4.182766437530517578e+00 -1.967253386974334717e-01 -1.811997532844543457e+00
-4.182766914367675781e+00 -1.967253386974334717e-01 -1.811997771263122559e+00
-4.182766914367675781e+00 -1.967253386974334717e-01 -1.811997890472412109e+00
-4.182766437530517578e+00 -1.967253386974334717e-01 -1.811997532844543457e+00
-4.182766914367675781e+00 -1.967253386974334717e-01 -1.811997652053833008e+00
-4.182766914367675781e+00 -1.967253386974334717e-01 -1.811997890472412109e+00
-4.182766437530517578e+00 -1.967254281044006348e-01 -1.811997413635253906e+00
-4.182766914367675781e+00 -1.967253386974334717e-01 -1.811997532844543457e+00
-4.182766914367675781e+00 -1.967253386974334717e-01 -1.811997652053833008e+00
-4.182766914367675781e+00 -1.967253386974334717e-01 -1.811997771263122559e+00
-4.182767391204833984e+00 -1.967252343893051147e-01 -1.811997771263122559e+00
-4.182766914367675781e+00 -1.967253386974334717e-01 -1.811997652053833008e+00
-4.182767391204833984e+00 -1.967252343893051147e-01 -1.811997771263122559e+00
-4.182766914367675781e+00 -1.967253386974334717e-01 -1.811997771263122559e+00
-4.182766914367675781e+00 -1.967253386974334717e-01 -1.811997532844543457e+00
-4.182766437530517578e+00 -1.967253386974334717e-01 -1.811997413635253906e+00
-4.182766437530517578e+00 -1.967253386974334717e-01 -1.811997413635253906e+00
-4.182767391204833984e+00 -1.967252343893051147e-01 -1.811997771263122559e+00
-4.182766437530517578e+00 -1.967253386974334717e-01 -1.811997652053833008e+00
-4.182766914367675781e+00 -1.967253386974334717e-01 -1.811997652053833008e+00
-4.182766437530517578e+00 -1.967253386974334717e-01 -1.811997413635253906e+00
-4.182766914367675781e+00 -1.967253386974334717e-01 -1.811997771263122559e+00
-4.182766914367675781e+00 -1.967253386974334717e-01 -1.811997890472412109e+00
-4.182766914367675781e+00 -1.967253386974334717e-01 -1.811997652053833008e+00
-4.182766914367675781e+00 -1.967253386974334717e-01 -1.811997771263122559e+00
-4.182766914367675781e+00 -1.967253386974334717e-01 -1.811997532844543457e+00
-4.182766914367675781e+00 -1.967253386974334717e-01 -1.811997652053833008e+00
-4.182766914367675781e+00 -1.967253386974334717e-01 -1.811997532844543457e+00
-4.182766437530517578e+00 -1.967254281044006348e-01 -1.811997175216674805e+00
-4.182766914367675781e+00 -1.967253386974334717e-01 -1.811997771263122559e+00
-4.182766914367675781e+00 -1.967253386974334717e-01 -1.811997652053833008e+00
-4.182766914367675781e+00 -1.967253386974334717e-01 -1.811997890472412109e+00
-4.182766914367675781e+00 -1.967253386974334717e-01 -1.811997890472412109e+00
-4.182766437530517578e+00 -1.967253386974334717e-01 -1.811997532844543457e+00
-4.182766437530517578e+00 -1.967253386974334717e-01 -1.811997532844543457e+00
-4.182766437530517578e+00 -1.967253386974334717e-01 -1.811997413635253906e+00
-4.182766914367675781e+00 -1.967253386974334717e-01 -1.811997532844543457e+00
-4.182766437530517578e+00 -1.967253386974334717e-01 -1.811997413635253906e+00
-4.182766437530517578e+00 -1.967253386974334717e-01 -1.811997532844543457e+00
-4.182766437530517578e+00 -1.967253386974334717e-01 -1.811997413635253906e+00
-4.182766914367675781e+00 -1.967253386974334717e-01 -1.811997771263122559e+00
-4.182766914367675781e+00 -1.967253386974334717e-01 -1.811997771263122559e+00
-4.182766437530517578e+00 -1.967253386974334717e-01 -1.811997532844543457e+00
-4.182767391204833984e+00 -1.967252343893051147e-01 -1.811997890472412109e+00
-4.182766914367675781e+00 -1.967253386974334717e-01 -1.811997532844543457e+00
-4.182766914367675781e+00 -1.967253386974334717e-01 -1.811997652053833008e+00
-4.182766914367675781e+00 -1.967253386974334717e-01 -1.811997532844543457e+00
-4.182766914367675781e+00 -1.967253386974334717e-01 -1.811997532844543457e+00
-4.182766914367675781e+00 -1.967253386974334717e-01 -1.811997771263122559e+00
-4.182766914367675781e+00 -1.967253386974334717e-01 -1.811997890472412109e+00
-4.182766914367675781e+00 -1.967253386974334717e-01 -1.811997532844543457e+00
-4.182766914367675781e+00 -1.967253386974334717e-01 -1.811997652053833008e+00
-4.182766437530517578e+00 -1.967253386974334717e-01 -1.811997413635253906e+00
-4.182766914367675781e+00 -1.967253386974334717e-01 -1.811997532844543457e+00
-4.182766437530517578e+00 -1.967253386974334717e-01 -1.811997652053833008e+00
-4.182766914367675781e+00 -1.967253386974334717e-01 -1.811997652053833008e+00
-4.182766914367675781e+00 -1.967253386974334717e-01 -1.811997890472412109e+00
-4.182766914367675781e+00 -1.967253386974334717e-01 -1.811997532844543457e+00
-4.182766914367675781e+00 -1.967253386974334717e-01 -1.811997652053833008e+00
-4.182766437530517578e+00 -1.967253386974334717e-01 -1.811997532844543457e+00
-4.182766914367675781e+00 -1.967253386974334717e-01 -1.811997532844543457e+00
-4.182766914367675781e+00 -1.967253386974334717e-01 -1.811997532844543457e+00
-4.182766914367675781e+00 -1.967253386974334717e-01 -1.811997890472412109e+00
-4.182766914367675781e+00 -1.967253386974334717e-01 -1.811997771263122559e+00
-4.182766437530517578e+00 -1.967253386974334717e-01 -1.811997532844543457e+00
-4.182766914367675781e+00 -1.967253386974334717e-01 -1.811997532844543457e+00
-4.182766914367675781e+00 -1.967253386974334717e-01 -1.811997652053833008e+00
-4.182766914367675781e+00 -1.967253386974334717e-01 -1.811997771263122559e+00
-4.182767391204833984e+00 -1.967252343893051147e-01 -1.811997890472412109e+00
-4.182766437530517578e+00 -1.967254281044006348e-01 -1.811997413635253906e+00
-4.182766914367675781e+00 -1.967253386974334717e-01 -1.811997652053833008e+00
-4.182767391204833984e+00 -1.967252343893051147e-01 -1.811997890472412109e+00
-4.182766437530517578e+00 -1.967254281044006348e-01 -1.811997413635253906e+00
-4.182766914367675781e+00 -1.967253386974334717e-01 -1.811997652053833008e+00
-4.182766914367675781e+00 -1.967253386974334717e-01 -1.811997771263122559e+00
-4.182766437530517578e+00 -1.967253386974334717e-01 -1.811997413635253906e+00
-4.182766914367675781e+00 -1.967253386974334717e-01 -1.811997771263122559e+00
-4.182766914367675781e+00 -1.967253386974334717e-01 -1.811997652053833008e+00
-4.182766914367675781e+00 -1.967253386974334717e-01 -1.811997771263122559e+00
-4.182766914367675781e+00 -1.967253386974334717e-01 -1.811997771263122559e+00
-4.182766914367675781e+00 -1.967253386974334717e-01 -1.811997532844543457e+00
-4.182766914367675781e+00 -1.967253386974334717e-01 -1.811997652053833008e+00
