-3.039542198181152344e+00 -1.443948447704315186e-01 -2.446487426757812500e+00
-3.039542198181152344e+00 -1.443948447704315186e-01 -2.446487426757812500e+00
-3.039542198181152344e+00 -1.443948447704315186e-01 -2.446487188339233398e+00
-3.039541721343994141e+00 -1.443948447704315186e-01 -2.446486949920654297e+00
-3.039542198181152344e+00 -1.443948447704315186e-01 -2.446487188339233398e+00
-3.039542198181152344e+00 -1.443948447704315186e-01 -2.446487188339233398e+00
-3.039541721343994141e+00 -1.443948447704315186e-01 -2.446486949920654297e+00
-3.039542198181152344e+00 -1.443948447704315186e-01 -2.446487426757812500e+00
-3.039542198181152344e+00 -1.443948447704315186e-01 -2.446487188339233398e+00
-3.039542436599731445e+00 -1.443948447704315186e-01 -2.446487426757812500e+00
-3.039541721343994141e+00 -1.443948447704315186e-01 -2.446486949920654297e+00
-3.039542198181152344e+00 -1.443948447704315186e-01 -2.446487188339233398e+00
-3.039542436599731445e+00 -1.443948447704315186e-01 -2.446487426757812500e+00
-3.039542198181152344e+00 -1.443948447704315186e-01 -2.446487188339233398e+00
-3.039542198181152344e+00 -1.443948447704315186e-01 -2.446487426757812500e+00
-3.039541721343994141e+00 -1.443948447704315186e-01 -2.446486949920654297e+00
-3.039542198181152344e+00 -1.443948447704315186e-01 -2.446487426757812500e+00
-3.039542198181152344e+00 -1.443948447704315186e-01 -2.446487426757812500e+00
-3.039541721343994141e+00 -1.443948447704315186e-01 -2.446486949920654297e+00
-3.039542198181152344e+00 -1.443948447704315186e-01 -2.446487188339233398e+00
-3.039542198181152344e+00 -1.443948447704315186e-01 -2.446487188339233398e+00
-3.039541721343994141e+00 -1.443948447704315186e-01 -2.446486949920654297e+00
-3.039542198181152344e+00 -1.443948447704315186e-01 -2.446487188339233398e+00
-3.039541721343994141e+00 -1.443948447704315186e-01 -2.446486949920654297e+00
-3.039542198181152344e+00 -1.443948447704315186e-01 -2.446487426757812500e+00
-3.039542198181152344e+00 -1.443948447704315186e-01 -2.446487426757812500e+00
-3.039541721343994141e+00 -1.443948447704315186e-01 -2.446486949920654297e+00
-3.039542198181152344e+00 -1.443948447704315186e-01 -2.446487188339233398e+00
-3.039542198181152344e+00 -1.443948447704315186e-01 -2.446487188339233398e+00
-3.039542198181152344e+00 -1.443948447704315186e-01 -2.446487188339233398e+00
-3.039542198181152344e+00 -1.443948447704315186e-01 -2.446487188339233398e+00
-3.039542198181152344e+00 -1.443948447704315186e-01 -2.446487188339233398e+00
-3.039542198181152344e+00 -1.443948447704315186e-01 -2.446487188339233398e+00
-3.039542198181152344e+00 -1.443948447704315186e-01 -2.446487188339233398e+00
-3.039542198181152344e+00 -1.443948447704315186e-01 -2.446487188339233398e+00
-3.039542198181152344e+00 -1.443948447704315186e-01 -2.446487188339233398e+00
-3.039542198181152344e+00 -1.443948447704315186e-01 -2.446487188339233398e+00
-3.039542198181152344e+00 -1.443948447704315186e-01 -2.446487426757812500e+00
-3.039542436599731445e+00 -1.443948447704315186e-01 -2.446487426757812500e+00
-3.039541721343994141e+00 -1.443948447704315186e-01 -2.446486949920654297e+00
-3.039542198181152344e+00 -1.443948447704315186e-01 -2.446487188339233398e+00
-3.039542198181152344e+00 -1.443948447704315186e-01 -2.446487426757812500e+00
-3.039542436599731445e+00 -1.443948447704315186e-01 -2.446487426757812500e+00
-3.039542198181152344e+00 -1.443948447704315186e-01 -2.446487188339233398e+00
-3.039542198181152344e+00 -1.443948447704315186e-01 -2.446487188339233398e+00
-3.039542436599731445e+00 -1.443948447704315186e-01 -2.446487426757812500e+00
-3.039541721343994141e+00 -1.443948447704315186e-01 -2.446486949920654297e+00
-3.039542198181152344e+00 -1.443948447704315186e-01 -2.446487188339233398e+00
-3.039542198181152344e+00 -1.443948447704315186e-01 -2.446487188339233398e+00
-3.039541721343994141e+00 -1.443948447704315186e-01 -2.446486949920654297e+00
-3.039542198181152344e+00 -1.443948447704315186e-01 -2.446487188339233398e+00
-3.039541959762573242e+00 -1.443948447704315186e-01 -2.446487188339233398e+00
-3.039542198181152344e+00 -1.443948447704315186e-01 -2.446487188339233398e+00
-3.039542198181152344e+00 -1.443948447704315186e-01 -2.446487188339233398e+00
-3.039541721343994141e+00 -1.443948447704315186e-01 -2.446486949920654297e+00
-3.039542198181152344e+00 -1.443948447704315186e-01 -2.446487188339233398e+00
-3.039541721343994141e+00 -1.443948447704315186e-01 -2.446486949920654297e+00
-3.039542198181152344e+00 -1.443948447704315186e-01 -2.446487188339233398e+00
-3.039542198181152344e+00 -1.443948447704315186e-01 -2.446487188339233398e+00
-3.039542198181152344e+00 -1.443948447704315186e-01 -2.446487188339233398e+00
-3.039542198181152344e+00 -1.443948447704315186e-01 -2.446487426757812500e+00
-3.039542198181152344e+00 -1.443948447704315186e-01 -2.446487426757812500e+00
-3.039542198181152344e+00 -1.443948447704315186e-01 -2.446487188339233398e+00
-3.039542198181152344e+00 -1.443948447704315186e-01 -2.446487188339233398e+00
-3.039542198181152344e+00 -1.443948447704315186e-01 -2.446487188339233398e+00
-3.039542198181152344e+00 -1.443948447704315186e-01 -2.446487426757812500e+00
-3.039541721343994141e+00 -1.443948447704315186e-01 -2.446486949920654297e+00
-3.039541721343994141e+00 -1.443948447704315186e-01 -2.446486949920654297e+00
-3.039542198181152344e+00 -1.443948447704315186e-01 -2.446487426757812500e+00
-3.039542198181152344e+00 -1.443948447704315186e-01 -2.446487188339233398e+00
-3.039542198181152344e+00 -1.443948447704315186e-01 -2.446487426757812500e+00
-3.039542198181152344e+00 -1.443948447704315186e-01 -2.446487188339233398e+00
-3.039542198181152344e+00 -1.443948447704315186e-01 -2.446487188339233398e+00
-3.039542198181152344e+00 -1.443948447704315186e-01 -2.446487188339233398e+00
-3.039542198181152344e+00 -1.443948447704315186e-01 -2.446487188339233398e+00
-3.039542198181152344e+00 -1.443948447704315186e-01 -2.446487188339233398e+00
-3.039541721343994141e+00 -1.443948447704315186e-01 -2.446486949920654297e+00
-3.039542436599731445e+00 -1.443948447704315186e-01 -2.446487426757812500e+00
-3.039542198181152344e+00 -1.443948447704315186e-01 -2.446487426757812500e+00
-3.039542198181152344e+00 -1.443948447704315186e-01 -2.446487188339233398e+00
-3.039542198181152344e+00 -1.443948447704315186e-01 -2.446487188339233398e+00
-3.039541721343994141e+00 -1.443948447704315186e-01 -2.446486949920654297e+00
-3.039542198181152344e+00 -1.443948447704315186e-01 -2.446487188339233398e+00
-3.039542198181152344e+00 -1.443948447704315186e-01 -2.446487188339233398e+00
-3.039542198181152344e+00 -1.443948447704315186e-01 -2.446487426757812500e+00
-3.039542198181152344e+00 -1.443948447704315186e-01 -2.446487426757812500e+00
-3.039542198181152344e+00 -1.443948447704315186e-01 -2.446487188339233398e+00
-3.039542198181152344e+00 -1.443948447704315186e-01 -2.446487188339233398e+00
-3.039542198181152344e+00 -1.443948447704315186e-01 -2.446487188339233398e+00
-3.039541721343994141e+00 -1.443948447704315186e-01 -2.446486949920654297e+00
-3.039541721343994141e+00 -1.443948447704315186e-01 -2.446486949920654297e+00
-3.039542198181152344e+00 -1.443948447704315186e-01 -2.446487188339233398e+00
-3.039542198181152344e+00 -1.443948447704315186e-01 -2.446487188339233398e+00
-3.039542436599731445e+00 -1.443948447704315186e-01 -2.446487426757812500e+00
-3.039541721343994141e+00 -1.443948447704315186e-01 -2.446486949920654297e+00
-3.039542198181152344e+00 -1.443948447704315186e-01 -2.446487426757812500e+00
-3.039542198181152344e+00 -1.443948447704315186e-01 -2.446487188339233398e+00
-3.039542198181152344e+00 -1.443948447704315186e-01 -2.446487188339233398e+00
-3.039542198181152344e+00 -1.443948447704315186e-01 -2.446487188339233398e+00
