-1.654550313949584961e+00 -4.204724431037902832e-01 -1.883312463760375977e+00
-1.654550313949584961e+00 -4.204723536968231201e-01 -1.883312582969665527e+00
-1.654550075531005859e+00 -4.204724431037902832e-01 -1.883312225341796875e+00
-1.654550313949584961e+00 -4.204724431037902832e-01 -1.883312463760375977e+00
-1.654550313949584961e+00 -4.204723536968231201e-01 -1.883312582969665527e+00
-1.654550313949584961e+00 -4.204724431037902832e-01 -1.883312463760375977e+00
-1.654550313949584961e+00 -4.204724431037902832e-01 -1.883312463760375977e+00
-1.654550313949584961e+00 -4.204724431037902832e-01 -1.883312463760375977e+00
-1.654550313949584961e+00 -4.204724431037902832e-01 -1.883312463760375977e+00
-1.654550313949584961e+00 -4.204724431037902832e-01 -1.883312463760375977e+00
-1.654550433158874512e+00 -4.204722940921783447e-01 -1.883312582969665527e+00
-1.654550313949584961e+00 -4.204724431037902832e-01 -1.883312463760375977e+00
-1.654550313949584961e+00 -4.204723536968231201e-01 -1.883312582969665527e+00
-1.654550313949584961e+00 -4.204724431037902832e-01 -1.883312463760375977e+00
-1.654550313949584961e+00 -4.204724431037902832e-01 -1.883312463760375977e+00
-1.654550313949584961e+00 -4.204723536968231201e-01 -1.883312582969665527e+00
-1.654550433158874512e+00 -4.204723536968231201e-01 -1.883312582969665527e+00
-1.654550075531005859e+00 -4.204724431037902832e-01 -1.883312225341796875e+00
-1.654550313949584961e+00 -4.204724431037902832e-01 -1.883312463760375977e+00
-1.654550313949584961e+00 -4.204724431037902832e-01 -1.883312463760375977e+00
-1.654550313949584961e+00 -4.204723536968231201e-01 -1.883312582969665527e+00
-1.654550075531005859e+00 -4.204724431037902832e-01 -1.883312225341796875e+00
-1.654550433158874512e+00 -4.204722940921783447e-01 -1.883312582969665527e+00
-1.654550313949584961e+00 -4.204724431037902832e-01 -1.883312463760375977e+00
-1.654550313949584961e+00 -4.204724431037902832e-01 -1.883312463760375977e+00
-1.654550433158874512e+00 -4.204723536968231201e-01 -1.883312582969665527e+00
-1.654550313949584961e+00 -4.204724431037902832e-01 -1.883312463760375977e+00
-1.654550313949584961e+00 -4.204724431037902832e-01 -1.883312463760375977e+00
-1.654550313949584961e+00 -4.204724431037902832e-01 -1.883312463760375977e+00
-1.654550313949584961e+00 -4.204724431037902832e-01 -1.883312463760375977e+00
-1.654550313949584961e+00 -4.204724431037902832e-01 -1.883312463760375977e+00
-1.654550433158874512e+00 -4.204723536968231201e-01 -1.883312582969665527e+00
-1.654550313949584961e+00 -4.204724431037902832e-01 -1.883312463760375977e+00
-1.654550313949584961e+00 -4.204723536968231201e-01 -1.883312582969665527e+00
-1.654550313949584961e+00 -4.204724431037902832e-01 -1.883312463760375977e+00
-1.654550313949584961e+00 -4.204724431037902832e-01 -1.883312463760375977e+00
-1.654550075531005859e+00 -4.204724431037902832e-01 -1.883312225341796875e+00
-1.654550313949584961e+00 -4.204724431037902832e-01 -1.883312463760375977e+00
-1.654550313949584961e+00 -4.204724431037902832e-01 -1.883312463760375977e+00
-1.654550433158874512e+00 -4.204723536968231201e-01 -1.883312582969665527e+00
-1.654550313949584961e+00 -4.204724431037902832e-01 -1.883312463760375977e+00
-1.654550313949584961e+00 -4.204724431037902832e-01 -1.883312463760375977e+00
-1.654550313949584961e+00 -4.204724431037902832e-01 -1.883312463760375977e+00
-1.654550313949584961e+00 -4.204724431037902832e-01 -1.883312463760375977e+00
-1.654550313949584961e+00 -4.204724431037902832e-01 -1.883312463760375977e+00
-1.654550433158874512e+00 -4.204722940921783447e-01 -1.883312582969665527e+00
-1.654550433158874512e+00 -4.204723536968231201e-01 -1.883312582969665527e+00
-1.654550433158874512e+00 -4.204723536968231201e-01 -1.883312582969665527e+00
-1.654550313949584961e+00 -4.204724431037902832e-01 -1.883312463760375977e+00
-1.654550075531005859e+00 -4.204724431037902832e-01 -1.883312225341796875e+00
-1.654550313949584961e+00 -4.204724431037902832e-01 -1.883312463760375977e+00
-1.654550313949584961e+00 -4.204724431037902832e-01 -1.883312463760375977e+00
-1.654550313949584961e+00 -4.204724431037902832e-01 -1.883312463760375977e+00
-1.654550433158874512e+00 -4.204722940921783447e-01 -1.883312582969665527e+00
-1.654550313949584961e+00 -4.204724431037902832e-01 -1.883312463760375977e+00
-1.654550433158874512e+00 -4.204723536968231201e-01 -1.883312582969665527e+00
-1.654550313949584961e+00 -4.204724431037902832e-01 -1.883312463760375977e+00
-1.654550075531005859e+00 -4.204724431037902832e-01 -1.883312225341796875e+00
-1.654550313949584961e+00 -4.204724431037902832e-01 -1.883312463760375977e+00
-1.654550313949584961e+00 -4.204724431037902832e-01 -1.883312463760375977e+00
-1.654550313949584961e+00 -4.204724431037902832e-01 -1.883312463760375977e+00
-1.654550433158874512e+00 -4.204723536968231201e-01 -1.883312702178955078e+00
-1.654550313949584961e+00 -4.204724431037902832e-01 -1.883312463760375977e+00
-1.654550433158874512e+00 -4.204723536968231201e-01 -1.883312702178955078e+00
-1.654550433158874512e+00 -4.204722940921783447e-01 -1.883312582969665527e+00
-1.654550313949584961e+00 -4.204724431037902832e-01 -1.883312463760375977e+00
-1.654550313949584961e+00 -4.204723536968231201e-01 -1.883312702178955078e+00
-1.654550075531005859e+00 -4.204724431037902832e-01 -1.883312463760375977e+00
-1.654550313949584961e+00 -4.204724431037902832e-01 -1.883312463760375977e+00
-1.654550313949584961e+00 -4.204724431037902832e-01 -1.883312463760375977e+00
-1.654550075531005859e+00 -4.204724431037902832e-01 -1.883312225341796875e+00
-1.654550075531005859e+00 -4.204724431037902832e-01 -1.883312463760375977e+00
-1.654550313949584961e+00 -4.204724431037902832e-01 -1.883312463760375977e+00
-1.654550313949584961e+00 -4.204724431037902832e-01 -1.883312463760375977e+00
-1.654550313949584961e+00 -4.204724431037902832e-01 -1.883312463760375977e+00
-1.654550433158874512e+00 -4.204722940921783447e-01 -1.883312582969665527e+00
-1.654550313949584961e+00 -4.204724431037902832e-01 -1.883312463760375977e+00
-1.654550313949584961e+00 -4.204723536968231201e-01 -1.883312582969665527e+00
-1.654550313949584961e+00 -4.204724431037902832e-01 -1.883312463760375977e+00
-1.654550075531005859e+00 -4.204724431037902832e-01 -1.883312463760375977e+00
-1.654550313949584961e+00 -4.204724431037902832e-01 -1.883312463760375977e+00
-1.654550313949584961e+00 -4.204724431037902832e-01 -1.883312463760375977e+00
-1.654550313949584961e+00 -4.204724431037902832e-01 -1.883312463760375977e+00
-1.654550313949584961e+00 -4.204724431037902832e-01 -1.883312463760375977e+00
-1.654550075531005859e+00 -4.204724431037902832e-01 -1.883312225341796875e+00
-1.654550313949584961e+00 -4.204724431037902832e-01 -1.883312463760375977e+00
-1.654550313949584961e+00 -4.204724431037902832e-01 -1.883312463760375977e+00
-1.654550313949584961e+00 -4.204724431037902832e-01 -1.883312463760375977e+00
-1.654550313949584961e+00 -4.204724431037902832e-01 -1.883312463760375977e+00
-1.654550075531005859e+00 -4.204724431037902832e-01 -1.883312463760375977e+00
-1.654550313949584961e+00 -4.204723536968231201e-01 -1.883312582969665527e+00
-1.654550313949584961e+00 -4.204723536968231201e-01 -1.883312582969665527e+00
-1.654550313949584961e+00 -4.204724431037902832e-01 -1.883312463760375977e+00
-1.654550313949584961e+00 -4.204723536968231201e-01 -1.883312582969665527e+00
-1.654550313949584961e+00 -4.204724431037902832e-01 -1.883312463760375977e+00
-1.654550313949584961e+00 -4.204724431037902832e-01 -1.883312463760375977e+00
-1.654550313949584961e+00 -4.204723536968231201e-01 -1.883312582969665527e+00
-1.654550313949584961e+00 -4.204724431037902832e-01 -1.883312463760375977e+00
