-3.302330255508422852e+00 -2.491847991943359375e+00 -1.273268610239028931e-01
-3.302330255508422852e+00 -2.491847991943359375e+00 -1.273268610239028931e-01
-3.302330255508422852e+00 -2.491847991943359375e+00 -1.273268610239028931e-01
-3.302330493927001953e+00 -2.491848230361938477e+00 -1.273268610239028931e-01
-3.302330493927001953e+00 -2.491848230361938477e+00 -1.273268610239028931e-01
-3.302330493927001953e+00 -2.491848230361938477e+00 -1.273268610239028931e-01
-3.302330493927001953e+00 -2.491848230361938477e+00 -1.273268610239028931e-01
-3.302330255508422852e+00 -2.491847991943359375e+00 -1.273268610239028931e-01
-3.302330255508422852e+00 -2.491847991943359375e+00 -1.273268610239028931e-01
-3.302330255508422852e+00 -2.491847991943359375e+00 -1.273268610239028931e-01
-3.302330493927001953e+00 -2.491848230361938477e+00 -1.273268610239028931e-01
-3.302330255508422852e+00 -2.491847991943359375e+00 -1.273268610239028931e-01
-3.302330493927001953e+00 -2.491848230361938477e+00 -1.273268610239028931e-01
-3.302330255508422852e+00 -2.491847991943359375e+00 -1.273268610239028931e-01
-3.302330255508422852e+00 -2.491847991943359375e+00 -1.273268610239028931e-01
-3.302330255508422852e+00 -2.491847991943359375e+00 -1.273268610239028931e-01
-3.302330732345581055e+00 -2.491848468780517578e+00 -1.273268610239028931e-01
-3.302330255508422852e+00 -2.491847991943359375e+00 -1.273268610239028931e-01
-3.302330255508422852e+00 -2.491847991943359375e+00 -1.273268610239028931e-01
-3.302330255508422852e+00 -2.491847991943359375e+00 -1.273268610239028931e-01
-3.302330493927001953e+00 -2.491848230361938477e+00 -1.273268610239028931e-01
-3.302330255508422852e+00 -2.491847991943359375e+00 -1.273268610239028931e-01
-3.302330255508422852e+00 -2.491847991943359375e+00 -1.273268610239028931e-01
-3.302330255508422852e+00 -2.491847991943359375e+00 -1.273268610239028931e-01
-3.302330493927001953e+00 -2.491848230361938477e+00 -1.273268610239028931e-01
-3.302330732345581055e+00 -2.491848468780517578e+00 -1.273268610239028931e-01
-3.302330493927001953e+00 -2.491848230361938477e+00 -1.273268610239028931e-01
-3.302330255508422852e+00 -2.491847991943359375e+00 -1.273268610239028931e-01
-3.302330493927001953e+00 -2.491848230361938477e+00 -1.273268610239028931e-01
-3.302330493927001953e+00 -2.491848230361938477e+00 -1.273268610239028931e-01
-3.302330017089843750e+00 -2.491847753524780273e+00 -1.273269653320312500e-01
-3.302330017089843750e+00 -2.491847991943359375e+00 -1.273268610239028931e-01
-3.302330255508422852e+00 -2.491847991943359375e+00 -1.273268610239028931e-01
-3.302330255508422852e+00 -2.491847991943359375e+00 -1.273268610239028931e-01
-3.302330493927001953e+00 -2.491848230361938477e+00 -1.273268610239028931e-01
-3.302330255508422852e+00 -2.491847991943359375e+00 -1.273268610239028931e-01
-3.302330493927001953e+00 -2.491848230361938477e+00 -1.273268610239028931e-01
-3.302330255508422852e+00 -2.491847991943359375e+00 -1.273268610239028931e-01
-3.302330493927001953e+00 -2.491848230361938477e+00 -1.273268610239028931e-01
-3.302330255508422852e+00 -2.491847991943359375e+00 -1.273268610239028931e-01
-3.302330255508422852e+00 -2.491847991943359375e+00 -1.273268610239028931e-01
-3.302330255508422852e+00 -2.491847991943359375e+00 -1.273268610239028931e-01
-3.302330017089843750e+00 -2.491847753524780273e+00 -1.273269653320312500e-01
-3.302330493927001953e+00 -2.491848230361938477e+00 -1.273268610239028931e-01
-3.302330255508422852e+00 -2.491847991943359375e+00 -1.273268610239028931e-01
-3.302330493927001953e+00 -2.491848230361938477e+00 -1.273268610239028931e-01
-3.302330255508422852e+00 -2.491847991943359375e+00 -1.273268610239028931e-01
-3.302330493927001953e+00 -2.491848230361938477e+00 -1.273268610239028931e-01
-3.302330017089843750e+00 -2.491847753524780273e+00 -1.273269653320312500e-01
-3.302330255508422852e+00 -2.491847991943359375e+00 -1.273268610239028931e-01
-3.302330255508422852e+00 -2.491847991943359375e+00 -1.273268610239028931e-01
-3.302330255508422852e+00 -2.491847991943359375e+00 -1.273268610239028931e-01
-3.302330255508422852e+00 -2.491847991943359375e+00 -1.273268610239028931e-01
-3.302330255508422852e+00 -2.491847991943359375e+00 -1.273268610239028931e-01
-3.302330255508422852e+00 -2.491847991943359375e+00 -1.273268610239028931e-01
-3.302330493927001953e+00 -2.491848230361938477e+00 -1.273268610239028931e-01
-3.302330255508422852e+00 -2.491847991943359375e+00 -1.273268610239028931e-01
-3.302330255508422852e+00 -2.491847991943359375e+00 -1.273268610239028931e-01
-3.302330493927001953e+00 -2.491848230361938477e+00 -1.273268610239028931e-01
-3.302330493927001953e+00 -2.491848230361938477e+00 -1.273268610239028931e-01
-3.302330255508422852e+00 -2.491847991943359375e+00 -1.273268610239028931e-01
-3.302330255508422852e+00 -2.491847991943359375e+00 -1.273268610239028931e-01
-3.302330255508422852e+00 -2.491847991943359375e+00 -1.273268610239028931e-01
-3.302330017089843750e+00 -2.491847753524780273e+00 -1.273269653320312500e-01
-3.302330255508422852e+00 -2.491847991943359375e+00 -1.273268610239028931e-01
-3.302330493927001953e+00 -2.491848230361938477e+00 -1.273268610239028931e-01
-3.302330493927001953e+00 -2.491848230361938477e+00 -1.273268610239028931e-01
-3.302330255508422852e+00 -2.491847991943359375e+00 -1.273268610239028931e-01
-3.302330493927001953e+00 -2.491848230361938477e+00 -1.273268610239028931e-01
-3.302330255508422852e+00 -2.491847991943359375e+00 -1.273268610239028931e-01
-3.302330255508422852e+00 -2.491847991943359375e+00 -1.273268610239028931e-01
-3.302330255508422852e+00 -2.491847991943359375e+00 -1.273268610239028931e-01
-3.302330493927001953e+00 -2.491848230361938477e+00 -1.273268610239028931e-01
-3.302330017089843750e+00 -2.491847753524780273e+00 -1.273269653320312500e-01
-3.302330017089843750e+00 -2.491847753524780273e+00 -1.273269653320312500e-01
-3.302330255508422852e+00 -2.491847991943359375e+00 -1.273268610239028931e-01
-3.302330493927001953e+00 -2.491848230361938477e+00 -1.273268610239028931e-01
-3.302330493927001953e+00 -2.491848230361938477e+00 -1.273268610239028931e-01
-3.302330255508422852e+00 -2.491847991943359375e+00 -1.273268610239028931e-01
-3.302330017089843750e+00 -2.491847753524780273e+00 -1.273269653320312500e-01
-3.302330255508422852e+00 -2.491847991943359375e+00 -1.273268610239028931e-01
-3.302330493927001953e+00 -2.491848230361938477e+00 -1.273268610239028931e-01
-3.302330255508422852e+00 -2.491847991943359375e+00 -1.273268610239028931e-01
-3.302330493927001953e+00 -2.491848230361938477e+00 -1.273268610239028931e-01
-3.302330493927001953e+00 -2.491848230361938477e+00 -1.273268610239028931e-01
-3.302330255508422852e+00 -2.491847991943359375e+00 -1.273268610239028931e-01
-3.302330255508422852e+00 -2.491847991943359375e+00 -1.273268610239028931e-01
-3.302330255508422852e+00 -2.491847991943359375e+00 -1.273268610239028931e-01
-3.302330255508422852e+00 -2.491847991943359375e+00 -1.273268610239028931e-01
-3.302330493927001953e+00 -2.491848230361938477e+00 -1.273268610239028931e-01
-3.302330493927001953e+00 -2.491848230361938477e+00 -1.273268610239028931e-01
-3.302330255508422852e+00 -2.491847991943359375e+00 -1.273268610239028931e-01
-3.302330255508422852e+00 -2.491847991943359375e+00 -1.273268610239028931e-01
-3.302330255508422852e+00 -2.491847991943359375e+00 -1.273268610239028931e-01
-3.302330493927001953e+00 -2.491848230361938477e+00 -1.273268610239028931e-01
-3.302330017089843750e+00 -2.491847753524780273e+00 -1.273269653320312500e-01
