-3.647633790969848633e+00 -3.221220970153808594e-01 -1.388947486877441406e+00
-3.647634029388427734e+00 -3.221220970153808594e-01 -1.388947606086730957e+00
-3.647634029388427734e+00 -3.221220970153808594e-01 -1.388947606086730957e+00
-3.647634029388427734e+00 -3.221220970153808594e-01 -1.388947486877441406e+00
-3.647633790969848633e+00 -3.221220970153808594e-01 -1.388947486877441406e+00
-3.647633790969848633e+00 -3.221220970153808594e-01 -1.388947367668151855e+00
-3.647634029388427734e+00 -3.221220970153808594e-01 -1.388947606086730957e+00
-3.647633790969848633e+00 -3.221220970153808594e-01 -1.388947486877441406e+00
-3.647633790969848633e+00 -3.221220970153808594e-01 -1.388947367668151855e+00
-3.647633790969848633e+00 -3.221220970153808594e-01 -1.388947486877441406e+00
-3.647633790969848633e+00 -3.221220970153808594e-01 -1.388947367668151855e+00
-3.647634029388427734e+00 -3.221220970153808594e-01 -1.388947606086730957e+00
-3.647633552551269531e+00 -3.221220970153808594e-01 -1.388947367668151855e+00
-3.647633552551269531e+00 -3.221221864223480225e-01 -1.388947367668151855e+00
-3.647633790969848633e+00 -3.221220970153808594e-01 -1.388947486877441406e+00
-3.647634029388427734e+00 -3.221220970153808594e-01 -1.388947606086730957e+00
-3.647633552551269531e+00 -3.221221864223480225e-01 -1.388947367668151855e+00
-3.647633790969848633e+00 -3.221220970153808594e-01 -1.388947486877441406e+00
-3.647633790969848633e+00 -3.221220970153808594e-01 -1.388947486877441406e+00
-3.647634029388427734e+00 -3.221220970153808594e-01 -1.388947606086730957e+00
-3.647633790969848633e+00 -3.221220970153808594e-01 -1.388947367668151855e+00
-3.647633790969848633e+00 -3.221220970153808594e-01 -1.388947367668151855e+00
-3.647634029388427734e+00 -3.221220970153808594e-01 -1.388947486877441406e+00
-3.647633790969848633e+00 -3.221220970153808594e-01 -1.388947367668151855e+00
-3.647633790969848633e+00 -3.221220970153808594e-01 -1.388947486877441406e+00
-3.647633552551269531e+00 -3.221220970153808594e-01 -1.388947367668151855e+00
-3.647633790969848633e+00 -3.221220970153808594e-01 -1.388947486877441406e+00
-3.647634029388427734e+00 -3.221220970153808594e-01 -1.388947606086730957e+00
-3.647634029388427734e+00 -3.221220970153808594e-01 -1.388947486877441406e+00
-3.647634029388427734e+00 -3.221220970153808594e-01 -1.388947486877441406e+00
-3.647633790969848633e+00 -3.221220970153808594e-01 -1.388947367668151855e+00
-3.647633790969848633e+00 -3.221220970153808594e-01 -1.388947486877441406e+00
-3.647633790969848633e+00 -3.221220970153808594e-01 -1.388947367668151855e+00
-3.647634029388427734e+00 -3.221220970153808594e-01 -1.388947606086730957e+00
-3.647634029388427734e+00 -3.221220970153808594e-01 -1.388947486877441406e+00
-3.647633790969848633e+00 -3.221220970153808594e-01 -1.388947367668151855e+00
-3.647634029388427734e+00 -3.221220970153808594e-01 -1.388947606086730957e+00
-3.647633790969848633e+00 -3.221220970153808594e-01 -1.388947486877441406e+00
-3.647633790969848633e+00 -3.221220970153808594e-01 -1.388947367668151855e+00
-3.647634029388427734e+00 -3.221220076084136963e-01 -1.388947606086730957e+00
-3.647633790969848633e+00 -3.221220970153808594e-01 -1.388947367668151855e+00
-3.647633790969848633e+00 -3.221220970153808594e-01 -1.388947486877441406e+00
-3.647634029388427734e+00 -3.221220970153808594e-01 -1.388947486877441406e+00
-3.647633790969848633e+00 -3.221221864223480225e-01 -1.388947367668151855e+00
-3.647634029388427734e+00 -3.221220970153808594e-01 -1.388947486877441406e+00
-3.647633790969848633e+00 -3.221220970153808594e-01 -1.388947367668151855e+00
-3.647633790969848633e+00 -3.221220970153808594e-01 -1.388947486877441406e+00
-3.647634029388427734e+00 -3.221220970153808594e-01 -1.388947486877441406e+00
-3.647634029388427734e+00 -3.221220970153808594e-01 -1.388947486877441406e+00
-3.647633790969848633e+00 -3.221220970153808594e-01 -1.388947486877441406e+00
-3.647634029388427734e+00 -3.221220970153808594e-01 -1.388947606086730957e+00
-3.647634029388427734e+00 -3.221220970153808594e-01 -1.388947606086730957e+00
-3.647633790969848633e+00 -3.221220970153808594e-01 -1.388947367668151855e+00
-3.647633790969848633e+00 -3.221220970153808594e-01 -1.388947486877441406e+00
-3.647634029388427734e+00 -3.221220970153808594e-01 -1.388947606086730957e+00
-3.647633790969848633e+00 -3.221220970153808594e-01 -1.388947367668151855e+00
-3.647634029388427734e+00 -3.221220970153808594e-01 -1.388947606086730957e+00
-3.647633790969848633e+00 -3.221220970153808594e-01 -1.388947486877441406e+00
-3.647633790969848633e+00 -3.221220970153808594e-01 -1.388947367668151855e+00
-3.647633790969848633e+00 -3.221220970153808594e-01 -1.388947486877441406e+00
-3.647633552551269531e+00 -3.221221864223480225e-01 -1.388947367668151855e+00
-3.647633790969848633e+00 -3.221220970153808594e-01 -1.388947486877441406e+00
-3.647634029388427734e+00 -3.221220970153808594e-01 -1.388947486877441406e+00
-3.647634029388427734e+00 -3.221220970153808594e-01 -1.388947486877441406e+00
-3.647633790969848633e+00 -3.221220970153808594e-01 -1.388947367668151855e+00
-3.647634029388427734e+00 -3.221220970153808594e-01 -1.388947606086730957e+00
-3.647634267807006836e+00 -3.221220076084136963e-01 -1.388947606086730957e+00
-3.647634029388427734e+00 -3.221220076084136963e-01 -1.388947606086730957e+00
-3.647633790969848633e+00 -3.221220970153808594e-01 -1.388947367668151855e+00
-3.647634267807006836e+00 -3.221220076084136963e-01 -1.388947606086730957e+00
-3.647634029388427734e+00 -3.221220970153808594e-01 -1.388947606086730957e+00
-3.647633790969848633e+00 -3.221220970153808594e-01 -1.388947486877441406e+00
-3.647633790969848633e+00 -3.221220970153808594e-01 -1.388947486877441406e+00
-3.647633790969848633e+00 -3.221220970153808594e-01 -1.388947367668151855e+00
-3.647633790969848633e+00 -3.221220970153808594e-01 -1.388947486877441406e+00
-3.647634029388427734e+00 -3.221220970153808594e-01 -1.388947606086730957e+00
-3.647634029388427734e+00 -3.221220970153808594e-01 -1.388947606086730957e+00
-3.647634029388427734e+00 -3.221220970153808594e-01 -1.388947606086730957e+00
-3.647633790969848633e+00 -3.221221864223480225e-01 -1.388947367668151855e+00
-3.647633552551269531e+00 -3.221221864223480225e-01 -1.388947367668151855e+00
-3.647633552551269531e+00 -3.221221864223480225e-01 -1.388947367668151855e+00
-3.647634029388427734e+00 -3.221220970153808594e-01 -1.388947606086730957e+00
-3.647633790969848633e+00 -3.221220970153808594e-01 -1.388947486877441406e+00
-3.647633790969848633e+00 -3.221220970153808594e-01 -1.388947486877441406e+00
-3.647633790969848633e+00 -3.221220970153808594e-01 -1.388947367668151855e+00
-3.647634029388427734e+00 -3.221220970153808594e-01 -1.388947486877441406e+00
-3.647634029388427734e+00 -3.221220970153808594e-01 -1.388947486877441406e+00
-3.647634029388427734e+00 -3.221220076084136963e-01 -1.388947606086730957e+00
-3.647633790969848633e+00 -3.221220970153808594e-01 -1.388947486877441406e+00
-3.647633552551269531e+00 -3.221220970153808594e-01 -1.388947367668151855e+00
-3.647634029388427734e+00 -3.221220970153808594e-01 -1.388947486877441406e+00
-3.647633790969848633e+00 -3.221220970153808594e-01 -1.388947486877441406e+00
-3.647634029388427734e+00 -3.221220970153808594e-01 -1.388947606086730957e+00
-3.647633790969848633e+00 -3.221220970153808594e-01 -1.388947367668151855e+00
-3.647634029388427734e+00 -3.221220970153808594e-01 -1.388947606086730957e+00
-3.647634029388427734e+00 -3.221220970153808594e-01 -1.388947606086730957e+00
-3.647633790969848633e+00 -3.221220970153808594e-01 -1.388947486877441406e+00
-3.647634029388427734e+00 -3.221220970153808594e-01 -1.388947486877441406e+00
