-3.435878276824951172e+00 -2.367626428604125977e+00 -1.345604360103607178e-01
-3.435878276824951172e+00 -2.367626428604125977e+00 -1.345604360103607178e-01
-3.435878515243530273e+00 -2.367626428604125977e+00 -1.345604360103607178e-01
-3.435878515243530273e+00 -2.367626428604125977e+00 -1.345604360103607178e-01
-3.435878276824951172e+00 -2.367626428604125977e+00 -1.345604360103607178e-01
-3.435878515243530273e+00 -2.367626428604125977e+00 -1.345604360103607178e-01
-3.435878515243530273e+00 -2.367626428604125977e+00 -1.345604360103607178e-01
-3.435878515243530273e+00 -2.367626428604125977e+00 -1.345604360103607178e-01
-3.435878276824951172e+00 -2.367626428604125977e+00 -1.345604360103607178e-01
-3.435878515243530273e+00 -2.367626428604125977e+00 -1.345604360103607178e-01
-3.435878515243530273e+00 -2.367626428604125977e+00 -1.345604360103607178e-01
-3.435878276824951172e+00 -2.367626428604125977e+00 -1.345604360103607178e-01
-3.435878515243530273e+00 -2.367626428604125977e+00 -1.345604360103607178e-01
-3.435878515243530273e+00 -2.367626428604125977e+00 -1.345604360103607178e-01
-3.435878515243530273e+00 -2.367626428604125977e+00 -1.345604360103607178e-01
-3.435878276824951172e+00 -2.367626428604125977e+00 -1.345604360103607178e-01
-3.435878276824951172e+00 -2.367626428604125977e+00 -1.345604360103607178e-01
-3.435878515243530273e+00 -2.367626428604125977e+00 -1.345604360103607178e-01
-3.435878276824951172e+00 -2.367626428604125977e+00 -1.345604360103607178e-01
-3.435878515243530273e+00 -2.367626428604125977e+00 -1.345604360103607178e-01
-3.435878276824951172e+00 -2.367626428604125977e+00 -1.345604360103607178e-01
-3.435878515243530273e+00 -2.367626428604125977e+00 -1.345604360103607178e-01
-3.435878276824951172e+00 -2.367626428604125977e+00 -1.345604360103607178e-01
-3.435878515243530273e+00 -2.367626428604125977e+00 -1.345604360103607178e-01
-3.435878515243530273e+00 -2.367626428604125977e+00 -1.345604360103607178e-01
-3.435878515243530273e+00 -2.367626428604125977e+00 -1.345604360103607178e-01
-3.435878276824951172e+00 -2.367626428604125977e+00 -1.345604360103607178e-01
-3.435878515243530273e+00 -2.367626428604125977e+00 -1.345604360103607178e-01
-3.435878276824951172e+00 -2.367626428604125977e+00 -1.345604360103607178e-01
-3.435878276824951172e+00 -2.367626428604125977e+00 -1.345604360103607178e-01
-3.435878276824951172e+00 -2.367626428604125977e+00 -1.345604360103607178e-01
-3.435878515243530273e+00 -2.367626428604125977e+00 -1.345604360103607178e-01
-3.435878515243530273e+00 -2.367626428604125977e+00 -1.345605403184890747e-01
-3.435878515243530273e+00 -2.367626428604125977e+00 -1.345604360103607178e-01
-3.435878276824951172e+00 -2.367626428604125977e+00 -1.345604360103607178e-01
-3.435878515243530273e+00 -2.367626428604125977e+00 -1.345604360103607178e-01
-3.435878753662109375e+00 -2.367626667022705078e+00 -1.345604360103607178e-01
-3.435878753662109375e+00 -2.367626667022705078e+00 -1.345604360103607178e-01
-3.435878515243530273e+00 -2.367626428604125977e+00 -1.345604360103607178e-01
-3.435878276824951172e+00 -2.367626428604125977e+00 -1.345604360103607178e-01
-3.435878515243530273e+00 -2.367626428604125977e+00 -1.345604360103607178e-01
-3.435878276824951172e+00 -2.367626428604125977e+00 -1.345604360103607178e-01
-3.435878753662109375e+00 -2.367626667022705078e+00 -1.345604360103607178e-01
-3.435878515243530273e+00 -2.367626428604125977e+00 -1.345604360103607178e-01
-3.435878515243530273e+00 -2.367626428604125977e+00 -1.345604360103607178e-01
-3.435878276824951172e+00 -2.367626428604125977e+00 -1.345604360103607178e-01
-3.435878753662109375e+00 -2.367626667022705078e+00 -1.345604360103607178e-01
-3.435878276824951172e+00 -2.367626428604125977e+00 -1.345604360103607178e-01
-3.435878276824951172e+00 -2.367626428604125977e+00 -1.345604360103607178e-01
-3.435878515243530273e+00 -2.367626428604125977e+00 -1.345604360103607178e-01
-3.435878515243530273e+00 -2.367626428604125977e+00 -1.345605403184890747e-01
-3.435878515243530273e+00 -2.367626428604125977e+00 -1.345604360103607178e-01
-3.435878515243530273e+00 -2.367626428604125977e+00 -1.345604360103607178e-01
-3.435878276824951172e+00 -2.367626428604125977e+00 -1.345604360103607178e-01
-3.435878515243530273e+00 -2.367626428604125977e+00 -1.345604360103607178e-01
-3.435878276824951172e+00 -2.367626428604125977e+00 -1.345604360103607178e-01
-3.435878515243530273e+00 -2.367626428604125977e+00 -1.345604360103607178e-01
-3.435878276824951172e+00 -2.367626428604125977e+00 -1.345604360103607178e-01
-3.435878515243530273e+00 -2.367626428604125977e+00 -1.345605403184890747e-01
-3.435878515243530273e+00 -2.367626428604125977e+00 -1.345604360103607178e-01
-3.435878276824951172e+00 -2.367626428604125977e+00 -1.345604360103607178e-01
-3.435878276824951172e+00 -2.367626428604125977e+00 -1.345604360103607178e-01
-3.435878276824951172e+00 -2.367626428604125977e+00 -1.345604360103607178e-01
-3.435878753662109375e+00 -2.367626667022705078e+00 -1.345604360103607178e-01
-3.435878515243530273e+00 -2.367626428604125977e+00 -1.345605403184890747e-01
-3.435878276824951172e+00 -2.367626428604125977e+00 -1.345604360103607178e-01
-3.435878515243530273e+00 -2.367626428604125977e+00 -1.345604360103607178e-01
-3.435878515243530273e+00 -2.367626428604125977e+00 -1.345604360103607178e-01
-3.435878515243530273e+00 -2.367626428604125977e+00 -1.345604360103607178e-01
-3.435878753662109375e+00 -2.367626667022705078e+00 -1.345604360103607178e-01
-3.435878276824951172e+00 -2.367626428604125977e+00 -1.345604360103607178e-01
-3.435878515243530273e+00 -2.367626428604125977e+00 -1.345604360103607178e-01
-3.435878276824951172e+00 -2.367626428604125977e+00 -1.345604360103607178e-01
-3.435878753662109375e+00 -2.367626667022705078e+00 -1.345604360103607178e-01
-3.435878515243530273e+00 -2.367626428604125977e+00 -1.345604360103607178e-01
-3.435878276824951172e+00 -2.367626428604125977e+00 -1.345604360103607178e-01
-3.435878753662109375e+00 -2.367626667022705078e+00 -1.345604360103607178e-01
-3.435878515243530273e+00 -2.367626428604125977e+00 -1.345604360103607178e-01
-3.435878276824951172e+00 -2.367626428604125977e+00 -1.345604360103607178e-01
-3.435878515243530273e+00 -2.367626428604125977e+00 -1.345604360103607178e-01
-3.435878753662109375e+00 -2.367626667022705078e+00 -1.345604360103607178e-01
-3.435878515243530273e+00 -2.367626428604125977e+00 -1.345604360103607178e-01
-3.435878753662109375e+00 -2.367626667022705078e+00 -1.345604360103607178e-01
-3.435878753662109375e+00 -2.367626667022705078e+00 -1.345604360103607178e-01
-3.435878753662109375e+00 -2.367626667022705078e+00 -1.345604360103607178e-01
-3.435878515243530273e+00 -2.367626428604125977e+00 -1.345604360103607178e-01
-3.435878515243530273e+00 -2.367626428604125977e+00 -1.345604360103607178e-01
-3.435878515243530273e+00 -2.367626428604125977e+00 -1.345604360103607178e-01
-3.435878515243530273e+00 -2.367626428604125977e+00 -1.345604360103607178e-01
-3.435878515243530273e+00 -2.367626428604125977e+00 -1.345604360103607178e-01
-3.435878515243530273e+00 -2.367626428604125977e+00 -1.345604360103607178e-01
-3.435878515243530273e+00 -2.367626428604125977e+00 -1.345604360103607178e-01
-3.435878515243530273e+00 -2.367626428604125977e+00 -1.345604360103607178e-01
-3.435878515243530273e+00 -2.367626428604125977e+00 -1.345604360103607178e-01
-3.435878515243530273e+00 -2.367626428604125977e+00 -1.345604360103607178e-01
-3.435878515243530273e+00 -2.367626428604125977e+00 -1.345604360103607178e-01
-3.435878276824951172e+00 -2.367626428604125977e+00 -1.345604360103607178e-01
-3.435878515243530273e+00 -2.367626428604125977e+00 -1.345604360103607178e-01
-3.435878276824951172e+00 -2.367626428604125977e+00 -1.345604360103607178e-01
