-2.953807115554809570e-01 -2.065567493438720703e+00 -2.047900676727294922e+00
-2.953807115554809570e-01 -2.065567493438720703e+00 -2.047900676727294922e+00
-2.953807115554809570e-01 -2.065567493438720703e+00 -2.047900676727294922e+00
-2.953807115554809570e-01 -2.065567493438720703e+00 -2.047900676727294922e+00
-2.953807115554809570e-01 -2.065567493438720703e+00 -2.047900438308715820e+00
-2.953807115554809570e-01 -2.065567493438720703e+00 -2.047900676727294922e+00
-2.953805327415466309e-01 -2.065567493438720703e+00 -2.047900676727294922e+00
-2.953807115554809570e-01 -2.065567493438720703e+00 -2.047900676727294922e+00
-2.953805327415466309e-01 -2.065567731857299805e+00 -2.047900676727294922e+00
-2.953807115554809570e-01 -2.065567493438720703e+00 -2.047900676727294922e+00
-2.953805327415466309e-01 -2.065567731857299805e+00 -2.047900676727294922e+00
-2.953805327415466309e-01 -2.065567731857299805e+00 -2.047900676727294922e+00
-2.953807115554809570e-01 -2.065567493438720703e+00 -2.047900438308715820e+00
-2.953805327415466309e-01 -2.065567731857299805e+00 -2.047900676727294922e+00
-2.953807115554809570e-01 -2.065567493438720703e+00 -2.047900676727294922e+00
-2.953807115554809570e-01 -2.065567493438720703e+00 -2.047900676727294922e+00
-2.953807115554809570e-01 -2.065567493438720703e+00 -2.047900676727294922e+00
-2.953805327415466309e-01 -2.065567493438720703e+00 -2.047900676727294922e+00
-2.953807115554809570e-01 -2.065567493438720703e+00 -2.047900676727294922e+00
-2.953805327415466309e-01 -2.065567493438720703e+00 -2.047900676727294922e+00
-2.953807115554809570e-01 -2.065567493438720703e+00 -2.047900676727294922e+00
-2.953807115554809570e-01 -2.065567493438720703e+00 -2.047900676727294922e+00
-2.953805327415466309e-01 -2.065567493438720703e+00 -2.047900676727294922e+00
-2.953805327415466309e-01 -2.065567493438720703e+00 -2.047900676727294922e+00
-2.953807115554809570e-01 -2.065567493438720703e+00 -2.047900676727294922e+00
-2.953807115554809570e-01 -2.065567493438720703e+00 -2.047900676727294922e+00
-2.953807115554809570e-01 -2.065567493438720703e+00 -2.047900676727294922e+00
-2.953805327415466309e-01 -2.065567493438720703e+00 -2.047900676727294922e+00
-2.953805327415466309e-01 -2.065567731857299805e+00 -2.047900915145874023e+00
-2.953805327415466309e-01 -2.065567731857299805e+00 -2.047900676727294922e+00
-2.953807115554809570e-01 -2.065567493438720703e+00 -2.047900676727294922e+00
-2.953807115554809570e-01 -2.065567493438720703e+00 -2.047900676727294922e+00
-2.953807115554809570e-01 -2.065567493438720703e+00 -2.047900676727294922e+00
-2.953807115554809570e-01 -2.065567493438720703e+00 -2.047900676727294922e+00
-2.953807115554809570e-01 -2.065567493438720703e+00 -2.047900676727294922e+00
-2.953807115554809570e-01 -2.065567493438720703e+00 -2.047900676727294922e+00
-2.953807115554809570e-01 -2.065567493438720703e+00 -2.047900676727294922e+00
-2.953807115554809570e-01 -2.065567493438720703e+00 -2.047900676727294922e+00
-2.953807115554809570e-01 -2.065567493438720703e+00 -2.047900676727294922e+00
-2.953805327415466309e-01 -2.065567493438720703e+00 -2.047900676727294922e+00
-2.953805327415466309e-01 -2.065567493438720703e+00 -2.047900676727294922e+00
-2.953807115554809570e-01 -2.065567493438720703e+00 -2.047900676727294922e+00
-2.953807115554809570e-01 -2.065567493438720703e+00 -2.047900676727294922e+00
-2.953807115554809570e-01 -2.065567493438720703e+00 -2.047900676727294922e+00
-2.953805327415466309e-01 -2.065567731857299805e+00 -2.047900676727294922e+00
-2.953807115554809570e-01 -2.065567493438720703e+00 -2.047900676727294922e+00
-2.953807115554809570e-01 -2.065567493438720703e+00 -2.047900676727294922e+00
-2.953807115554809570e-01 -2.065567493438720703e+00 -2.047900676727294922e+00
-2.953805327415466309e-01 -2.065567493438720703e+00 -2.047900676727294922e+00
-2.953807115554809570e-01 -2.065567493438720703e+00 -2.047900676727294922e+00
-2.953805327415466309e-01 -2.065567493438720703e+00 -2.047900676727294922e+00
-2.953805327415466309e-01 -2.065567493438720703e+00 -2.047900676727294922e+00
-2.953805327415466309e-01 -2.065567493438720703e+00 -2.047900676727294922e+00
-2.953805327415466309e-01 -2.065567493438720703e+00 -2.047900676727294922e+00
-2.953805327415466309e-01 -2.065567731857299805e+00 -2.047900676727294922e+00
-2.953807115554809570e-01 -2.065567493438720703e+00 -2.047900676727294922e+00
-2.953807115554809570e-01 -2.065567493438720703e+00 -2.047900438308715820e+00
-2.953807115554809570e-01 -2.065567493438720703e+00 -2.047900676727294922e+00
-2.953807115554809570e-01 -2.065567493438720703e+00 -2.047900676727294922e+00
-2.953807115554809570e-01 -2.065567493438720703e+00 -2.047900676727294922e+00
-2.953807115554809570e-01 -2.065567493438720703e+00 -2.047900676727294922e+00
-2.953807115554809570e-01 -2.065567493438720703e+00 -2.047900676727294922e+00
-2.953805327415466309e-01 -2.065567493438720703e+00 -2.047900676727294922e+00
-2.953807115554809570e-01 -2.065567493438720703e+00 -2.047900676727294922e+00
-2.953805327415466309e-01 -2.065567493438720703e+00 -2.047900676727294922e+00
-2.953807115554809570e-01 -2.065567493438720703e+00 -2.047900676727294922e+00
-2.953807115554809570e-01 -2.065567493438720703e+00 -2.047900676727294922e+00
-2.953807115554809570e-01 -2.065567493438720703e+00 -2.047900676727294922e+00
-2.953807115554809570e-01 -2.065567493438720703e+00 -2.047900676727294922e+00
-2.953807115554809570e-01 -2.065567493438720703e+00 -2.047900676727294922e+00
-2.953805327415466309e-01 -2.065567731857299805e+00 -2.047900676727294922e+00
-2.953807115554809570e-01 -2.065567493438720703e+00 -2.047900676727294922e+00
-2.953805327415466309e-01 -2.065567493438720703e+00 -2.047900676727294922e+00
-2.953807115554809570e-01 -2.065567493438720703e+00 -2.047900676727294922e+00
-2.953805327415466309e-01 -2.065567493438720703e+00 -2.047900676727294922e+00
-2.953807115554809570e-01 -2.065567493438720703e+00 -2.047900676727294922e+00
-2.953807115554809570e-01 -2.065567493438720703e+00 -2.047900676727294922e+00
-2.953807115554809570e-01 -2.065567493438720703e+00 -2.047900676727294922e+00
-2.953807115554809570e-01 -2.065567493438720703e+00 -2.047900676727294922e+00
-2.953807115554809570e-01 -2.065567493438720703e+00 -2.047900676727294922e+00
-2.953807115554809570e-01 -2.065567493438720703e+00 -2.047900676727294922e+00
-2.953805327415466309e-01 -2.065567731857299805e+00 -2.047900676727294922e+00
-2.953805327415466309e-01 -2.065567493438720703e+00 -2.047900676727294922e+00
-2.953807115554809570e-01 -2.065567493438720703e+00 -2.047900676727294922e+00
-2.953805327415466309e-01 -2.065567493438720703e+00 -2.047900676727294922e+00
-2.953805327415466309e-01 -2.065567493438720703e+00 -2.047900676727294922e+00
-2.953807115554809570e-01 -2.065567493438720703e+00 -2.047900676727294922e+00
-2.953807115554809570e-01 -2.065567493438720703e+00 -2.047900676727294922e+00
-2.953807115554809570e-01 -2.065567493438720703e+00 -2.047900676727294922e+00
-2.953805327415466309e-01 -2.065567731857299805e+00 -2.047900676727294922e+00
-2.953805327415466309e-01 -2.065567731857299805e+00 -2.047900676727294922e+00
-2.953807115554809570e-01 -2.065567493438720703e+00 -2.047900676727294922e+00
-2.953807115554809570e-01 -2.065567493438720703e+00 -2.047900676727294922e+00
-2.953807115554809570e-01 -2.065567493438720703e+00 -2.047900676727294922e+00
-2.953807115554809570e-01 -2.065567493438720703e+00 -2.047900676727294922e+00
-2.953805327415466309e-01 -2.065567493438720703e+00 -2.047900676727294922e+00
-2.953807115554809570e-01 -2.065567493438720703e+00 -2.047900676727294922e+00
-2.953805327415466309e-01 -2.065567493438720703e+00 -2.047900676727294922e+00
-2.953805327415466309e-01 -2.065567731857299805e+00 -2.047900676727294922e+00
-2.953807115554809570e-01 -2.065567493438720703e+00 -2.047900676727294922e+00
-2.953807115554809570e-01 -2.065567493438720703e+00 -2.047900676727294922e+00
