-2.845079183578491211e+00 -2.423039078712463379e-01 -1.851173877716064453e+00
-2.845078945159912109e+00 -2.423039078712463379e-01 -1.851173639297485352e+00
-2.845078945159912109e+00 -2.423039078712463379e-01 -1.851173639297485352e+00
-2.845078706741333008e+00 -2.423039972782135010e-01 -1.851173520088195801e+00
-2.845078945159912109e+00 -2.423039078712463379e-01 -1.851173639297485352e+00
-2.845078945159912109e+00 -2.423039078712463379e-01 -1.851173639297485352e+00
-2.845078945159912109e+00 -2.423039078712463379e-01 -1.851173639297485352e+00
-2.845078706741333008e+00 -2.423039972782135010e-01 -1.851173520088195801e+00
-2.845079183578491211e+00 -2.423039078712463379e-01 -1.851173877716064453e+00
-2.845078945159912109e+00 -2.423039078712463379e-01 -1.851173639297485352e+00
-2.845078945159912109e+00 -2.423039078712463379e-01 -1.851173639297485352e+00
-2.845078945159912109e+00 -2.423039078712463379e-01 -1.851173639297485352e+00
-2.845078945159912109e+00 -2.423039078712463379e-01 -1.851173639297485352e+00
-2.845079183578491211e+00 -2.423039078712463379e-01 -1.851173877716064453e+00
-2.845078945159912109e+00 -2.423039078712463379e-01 -1.851173639297485352e+00
-2.845079183578491211e+00 -2.423039078712463379e-01 -1.851173877716064453e+00
-2.845079183578491211e+00 -2.423039078712463379e-01 -1.851173877716064453e+00
-2.845079183578491211e+00 -2.423039078712463379e-01 -1.851173877716064453e+00
-2.845078945159912109e+00 -2.423039078712463379e-01 -1.851173639297485352e+00
-2.845079183578491211e+00 -2.423039078712463379e-01 -1.851173877716064453e+00
-2.845078945159912109e+00 -2.423039078712463379e-01 -1.851173639297485352e+00
-2.845078945159912109e+00 -2.423039078712463379e-01 -1.851173639297485352e+00
-2.845078945159912109e+00 -2.423039078712463379e-01 -1.851173639297485352e+00
-2.845078945159912109e+00 -2.423039078712463379e-01 -1.851173639297485352e+00
-2.845078945159912109e+00 -2.423039078712463379e-01 -1.851173639297485352e+00
-2.845078945159912109e+00 -2.423039078712463379e-01 -1.851173639297485352e+00
-2.845078706741333008e+00 -2.423039972782135010e-01 -1.851173520088195801e+00
-2.845078945159912109e+00 -2.423039078712463379e-01 -1.851173639297485352e+00
-2.845078706741333008e+00 -2.423039972782135010e-01 -1.851173520088195801e+00
-2.845079183578491211e+00 -2.423039078712463379e-01 -1.851173877716064453e+00
-2.845078706741333008e+00 -2.423039972782135010e-01 -1.851173520088195801e+00
-2.845079183578491211e+00 -2.423039078712463379e-01 -1.851173877716064453e+00
-2.845078945159912109e+00 -2.423039078712463379e-01 -1.851173639297485352e+00
-2.845078706741333008e+00 -2.423039972782135010e-01 -1.851173520088195801e+00
-2.845078706741333008e+00 -2.423039972782135010e-01 -1.851173520088195801e+00
-2.845078945159912109e+00 -2.423039078712463379e-01 -1.851173639297485352e+00
-2.845078945159912109e+00 -2.423039078712463379e-01 -1.851173639297485352e+00
-2.845078706741333008e+00 -2.423039972782135010e-01 -1.851173520088195801e+00
-2.845079183578491211e+00 -2.423039078712463379e-01 -1.851173877716064453e+00
-2.845079183578491211e+00 -2.423039078712463379e-01 -1.851173877716064453e+00
-2.845079183578491211e+00 -2.423039078712463379e-01 -1.851173877716064453e+00
-2.845079183578491211e+00 -2.423039078712463379e-01 -1.851173877716064453e+00
-2.845078945159912109e+00 -2.423039078712463379e-01 -1.851173639297485352e+00
-2.845078945159912109e+00 -2.423039078712463379e-01 -1.851173639297485352e+00
-2.845078945159912109e+00 -2.423039972782135010e-01 -1.851173520088195801e+00
-2.845078945159912109e+00 -2.423039078712463379e-01 -1.851173639297485352e+00
-2.845079183578491211e+00 -2.423039078712463379e-01 -1.851173877716064453e+00
-2.845078945159912109e+00 -2.423039078712463379e-01 -1.851173639297485352e+00
-2.845079183578491211e+00 -2.423039078712463379e-01 -1.851173877716064453e+00
-2.845078945159912109e+00 -2.423039078712463379e-01 -1.851173639297485352e+00
-2.845079183578491211e+00 -2.423039078712463379e-01 -1.851173877716064453e+00
-2.845078945159912109e+00 -2.423039078712463379e-01 -1.851173639297485352e+00
-2.845078945159912109e+00 -2.423039078712463379e-01 -1.851173639297485352e+00
-2.845078945159912109e+00 -2.423039078712463379e-01 -1.851173639297485352e+00
-2.845078945159912109e+00 -2.423039078712463379e-01 -1.851173639297485352e+00
-2.845079183578491211e+00 -2.423039078712463379e-01 -1.851173877716064453e+00
-2.845079183578491211e+00 -2.423039078712463379e-01 -1.851173877716064453e+00
-2.845078945159912109e+00 -2.423039078712463379e-01 -1.851173639297485352e+00
-2.845078945159912109e+00 -2.423039078712463379e-01 -1.851173639297485352e+00
-2.845078706741333008e+00 -2.423039972782135010e-01 -1.851173520088195801e+00
-2.845078945159912109e+00 -2.423039078712463379e-01 -1.851173639297485352e+00
-2.845079183578491211e+00 -2.423039078712463379e-01 -1.851173877716064453e+00
-2.845078945159912109e+00 -2.423039078712463379e-01 -1.851173639297485352e+00
-2.845078945159912109e+00 -2.423039078712463379e-01 -1.851173639297485352e+00
-2.845078945159912109e+00 -2.423039078712463379e-01 -1.851173639297485352e+00
-2.845078945159912109e+00 -2.423039078712463379e-01 -1.851173639297485352e+00
-2.845078945159912109e+00 -2.423039078712463379e-01 -1.851173639297485352e+00
-2.845078945159912109e+00 -2.423039078712463379e-01 -1.851173639297485352e+00
-2.845078945159912109e+00 -2.423039078712463379e-01 -1.851173639297485352e+00
-2.845078945159912109e+00 -2.423039078712463379e-01 -1.851173639297485352e+00
-2.845078945159912109e+00 -2.423039078712463379e-01 -1.851173639297485352e+00
-2.845078945159912109e+00 -2.423039078712463379e-01 -1.851173639297485352e+00
-2.845078945159912109e+00 -2.423039078712463379e-01 -1.851173639297485352e+00
-2.845078945159912109e+00 -2.423039078712463379e-01 -1.851173639297485352e+00
-2.845078945159912109e+00 -2.423039078712463379e-01 -1.851173639297485352e+00
-2.845079183578491211e+00 -2.423039078712463379e-01 -1.851173877716064453e+00
-2.845078945159912109e+00 -2.423039078712463379e-01 -1.851173639297485352e+00
-2.845079183578491211e+00 -2.423039078712463379e-01 -1.851173877716064453e+00
-2.845078945159912109e+00 -2.423039078712463379e-01 -1.851173639297485352e+00
-2.845078945159912109e+00 -2.423039078712463379e-01 -1.851173639297485352e+00
-2.845078945159912109e+00 -2.423039078712463379e-01 -1.851173639297485352e+00
-2.845078945159912109e+00 -2.423039078712463379e-01 -1.851173639297485352e+00
-2.845079183578491211e+00 -2.423039078712463379e-01 -1.851173877716064453e+00
-2.845078945159912109e+00 -2.423039078712463379e-01 -1.851173639297485352e+00
-2.845079183578491211e+00 -2.423039078712463379e-01 -1.851173877716064453e+00
-2.845079183578491211e+00 -2.423039078712463379e-01 -1.851173877716064453e+00
-2.845078945159912109e+00 -2.423039078712463379e-01 -1.851173639297485352e+00
-2.845078945159912109e+00 -2.423039078712463379e-01 -1.851173639297485352e+00
-2.845078945159912109e+00 -2.423039078712463379e-01 -1.851173639297485352e+00
-2.845078945159912109e+00 -2.423039078712463379e-01 -1.851173639297485352e+00
-2.845078945159912109e+00 -2.423039078712463379e-01 -1.851173639297485352e+00
-2.845078945159912109e+00 -2.423039078712463379e-01 -1.851173639297485352e+00
-2.845078945159912109e+00 -2.423039972782135010e-01 -1.851173520088195801e+00
-2.845079183578491211e+00 -2.423039078712463379e-01 -1.851173877716064453e+00
-2.845078706741333008e+00 -2.423039972782135010e-01 -1.851173520088195801e+00
-2.845078945159912109e+00 -2.423039078712463379e-01 -1.851173639297485352e+00
-2.845078945159912109e+00 -2.423039078712463379e-01 -1.851173639297485352e+00
-2.845078706741333008e+00 -2.423039972782135010e-01 -1.851173520088195801e+00
