-2.597627401351928711e+00 -8.720819354057312012e-01 -6.783180832862854004e-01
-2.597627639770507812e+00 -8.720818758010864258e-01 -6.783181428909301758e-01
-2.597627401351928711e+00 -8.720819354057312012e-01 -6.783180832862854004e-01
-2.597627639770507812e+00 -8.720816969871520996e-01 -6.783182024955749512e-01
-2.597627401351928711e+00 -8.720818758010864258e-01 -6.783181428909301758e-01
-2.597627401351928711e+00 -8.720817565917968750e-01 -6.783181428909301758e-01
-2.597627639770507812e+00 -8.720818758010864258e-01 -6.783181428909301758e-01
-2.597627162933349609e+00 -8.720818758010864258e-01 -6.783181428909301758e-01
-2.597627401351928711e+00 -8.720816969871520996e-01 -6.783182024955749512e-01
-2.597627401351928711e+00 -8.720816969871520996e-01 -6.783182024955749512e-01
-2.597627639770507812e+00 -8.720818758010864258e-01 -6.783181428909301758e-01
-2.597627162933349609e+00 -8.720817565917968750e-01 -6.783181428909301758e-01
-2.597627639770507812e+00 -8.720818758010864258e-01 -6.783181428909301758e-01
-2.597627639770507812e+00 -8.720818758010864258e-01 -6.783181428909301758e-01
-2.597627639770507812e+00 -8.720818758010864258e-01 -6.783181428909301758e-01
-2.597627401351928711e+00 -8.720818758010864258e-01 -6.783181428909301758e-01
-2.597627639770507812e+00 -8.720818758010864258e-01 -6.783181428909301758e-01
-2.597627162933349609e+00 -8.720817565917968750e-01 -6.783181428909301758e-01
-2.597627639770507812e+00 -8.720818758010864258e-01 -6.783181428909301758e-01
-2.597627401351928711e+00 -8.720817565917968750e-01 -6.783181428909301758e-01
-2.597627401351928711e+00 -8.720818758010864258e-01 -6.783181428909301758e-01
-2.597627162933349609e+00 -8.720817565917968750e-01 -6.783181428909301758e-01
-2.597627401351928711e+00 -8.720819354057312012e-01 -6.783180832862854004e-01
-2.597627639770507812e+00 -8.720817565917968750e-01 -6.783181428909301758e-01
-2.597627401351928711e+00 -8.720818758010864258e-01 -6.783181428909301758e-01
-2.597627639770507812e+00 -8.720818758010864258e-01 -6.783181428909301758e-01
-2.597627639770507812e+00 -8.720817565917968750e-01 -6.783181428909301758e-01
-2.597627401351928711e+00 -8.720817565917968750e-01 -6.783181428909301758e-01
-2.597627639770507812e+00 -8.720817565917968750e-01 -6.783181428909301758e-01
-2.597627401351928711e+00 -8.720818758010864258e-01 -6.783181428909301758e-01
-2.597627401351928711e+00 -8.720818758010864258e-01 -6.783181428909301758e-01
-2.597627639770507812e+00 -8.720818758010864258e-01 -6.783181428909301758e-01
-2.597627639770507812e+00 -8.720818758010864258e-01 -6.783181428909301758e-01
-2.597627639770507812e+00 -8.720818758010864258e-01 -6.783181428909301758e-01
-2.597627162933349609e+00 -8.720818758010864258e-01 -6.783181428909301758e-01
-2.597627401351928711e+00 -8.720817565917968750e-01 -6.783181428909301758e-01
-2.597627401351928711e+00 -8.720819354057312012e-01 -6.783180832862854004e-01
-2.597627162933349609e+00 -8.720817565917968750e-01 -6.783181428909301758e-01
-2.597627401351928711e+00 -8.720819354057312012e-01 -6.783180832862854004e-01
-2.597627401351928711e+00 -8.720818758010864258e-01 -6.783181428909301758e-01
-2.597627162933349609e+00 -8.720817565917968750e-01 -6.783181428909301758e-01
-2.597627639770507812e+00 -8.720818758010864258e-01 -6.783181428909301758e-01
-2.597627162933349609e+00 -8.720817565917968750e-01 -6.783181428909301758e-01
-2.597627162933349609e+00 -8.720817565917968750e-01 -6.783181428909301758e-01
-2.597627639770507812e+00 -8.720818758010864258e-01 -6.783181428909301758e-01
-2.597627639770507812e+00 -8.720817565917968750e-01 -6.783181428909301758e-01
-2.597627639770507812e+00 -8.720818758010864258e-01 -6.783181428909301758e-01
-2.597627401351928711e+00 -8.720818758010864258e-01 -6.783181428909301758e-01
-2.597627162933349609e+00 -8.720817565917968750e-01 -6.783181428909301758e-01
-2.597627639770507812e+00 -8.720817565917968750e-01 -6.783181428909301758e-01
-2.597627401351928711e+00 -8.720817565917968750e-01 -6.783181428909301758e-01
-2.597627639770507812e+00 -8.720817565917968750e-01 -6.783181428909301758e-01
-2.597627401351928711e+00 -8.720818758010864258e-01 -6.783181428909301758e-01
-2.597627162933349609e+00 -8.720818758010864258e-01 -6.783181428909301758e-01
-2.597627162933349609e+00 -8.720817565917968750e-01 -6.783181428909301758e-01
-2.597627162933349609e+00 -8.720817565917968750e-01 -6.783181428909301758e-01
-2.597627162933349609e+00 -8.720817565917968750e-01 -6.783181428909301758e-01
-2.597627401351928711e+00 -8.720818758010864258e-01 -6.783181428909301758e-01
-2.597627162933349609e+00 -8.720817565917968750e-01 -6.783181428909301758e-01
-2.597627639770507812e+00 -8.720818758010864258e-01 -6.783181428909301758e-01
-2.597627639770507812e+00 -8.720817565917968750e-01 -6.783181428909301758e-01
-2.597627401351928711e+00 -8.720818758010864258e-01 -6.783181428909301758e-01
-2.597627639770507812e+00 -8.720817565917968750e-01 -6.783181428909301758e-01
-2.597627639770507812e+00 -8.720818758010864258e-01 -6.783181428909301758e-01
-2.597627639770507812e+00 -8.720818758010864258e-01 -6.783181428909301758e-01
-2.597627639770507812e+00 -8.720818758010864258e-01 -6.783181428909301758e-01
-2.597627162933349609e+00 -8.720817565917968750e-01 -6.783181428909301758e-01
-2.597627162933349609e+00 -8.720817565917968750e-01 -6.783181428909301758e-01
-2.597627639770507812e+00 -8.720817565917968750e-01 -6.783181428909301758e-01
-2.597627639770507812e+00 -8.720817565917968750e-01 -6.783181428909301758e-01
-2.597627162933349609e+00 -8.720817565917968750e-01 -6.783181428909301758e-01
-2.597627401351928711e+00 -8.720817565917968750e-01 -6.783181428909301758e-01
-2.597627639770507812e+00 -8.720817565917968750e-01 -6.783181428909301758e-01
-2.597627401351928711e+00 -8.720818758010864258e-01 -6.783181428909301758e-01
-2.597627639770507812e+00 -8.720818758010864258e-01 -6.783181428909301758e-01
-2.597627162933349609e+00 -8.720817565917968750e-01 -6.783181428909301758e-01
-2.597627401351928711e+00 -8.720818758010864258e-01 -6.783181428909301758e-01
-2.597627162933349609e+00 -8.720817565917968750e-01 -6.783181428909301758e-01
-2.597627639770507812e+00 -8.720818758010864258e-01 -6.783181428909301758e-01
-2.597627639770507812e+00 -8.720817565917968750e-01 -6.783181428909301758e-01
-2.597627401351928711e+00 -8.720818758010864258e-01 -6.783181428909301758e-01
-2.597627401351928711e+00 -8.720817565917968750e-01 -6.783181428909301758e-01
-2.597627401351928711e+00 -8.720818758010864258e-01 -6.783181428909301758e-01
-2.597627639770507812e+00 -8.720818758010864258e-01 -6.783181428909301758e-01
-2.597627639770507812e+00 -8.720816969871520996e-01 -6.783182024955749512e-01
-2.597627162933349609e+00 -8.720817565917968750e-01 -6.783181428909301758e-01
-2.597627401351928711e+00 -8.720819354057312012e-01 -6.783180832862854004e-01
-2.597627401351928711e+00 -8.720819354057312012e-01 -6.783180832862854004e-01
-2.597627401351928711e+00 -8.720817565917968750e-01 -6.783181428909301758e-01
-2.597627401351928711e+00 -8.720818758010864258e-01 -6.783181428909301758e-01
-2.597627162933349609e+00 -8.720817565917968750e-01 -6.783181428909301758e-01
-2.597627639770507812e+00 -8.720818758010864258e-01 -6.783181428909301758e-01
-2.597627639770507812e+00 -8.720817565917968750e-01 -6.783181428909301758e-01
-2.597627162933349609e+00 -8.720817565917968750e-01 -6.783181428909301758e-01
-2.597627639770507812e+00 -8.720818758010864258e-01 -6.783181428909301758e-01
-2.597627162933349609e+00 -8.720817565917968750e-01 -6.783181428909301758e-01
-2.597627639770507812e+00 -8.720817565917968750e-01 -6.783181428909301758e-01
-2.597627401351928711e+00 -8.720819354057312012e-01 -6.783180832862854004e-01
