-3.221442103385925293e-01 -2.117535829544067383e+00 -1.863823413848876953e+00
-3.221442103385925293e-01 -2.117535829544067383e+00 -1.863823413848876953e+00
-3.221442103385925293e-01 -2.117535829544067383e+00 -1.863823413848876953e+00
-3.221442103385925293e-01 -2.117535829544067383e+00 -1.863823413848876953e+00
-3.221442103385925293e-01 -2.117535829544067383e+00 -1.863823413848876953e+00
-3.221442103385925293e-01 -2.117535829544067383e+00 -1.863823413848876953e+00
-3.221442103385925293e-01 -2.117535829544067383e+00 -1.863823413848876953e+00
-3.221441209316253662e-01 -2.117535829544067383e+00 -1.863823533058166504e+00
-3.221442997455596924e-01 -2.117535829544067383e+00 -1.863823294639587402e+00
-3.221441209316253662e-01 -2.117536067962646484e+00 -1.863823533058166504e+00
-3.221442997455596924e-01 -2.117535829544067383e+00 -1.863823294639587402e+00
-3.221442103385925293e-01 -2.117535829544067383e+00 -1.863823413848876953e+00
-3.221442103385925293e-01 -2.117535829544067383e+00 -1.863823413848876953e+00
-3.221442997455596924e-01 -2.117535829544067383e+00 -1.863823294639587402e+00
-3.221442103385925293e-01 -2.117535829544067383e+00 -1.863823413848876953e+00
-3.221441209316253662e-01 -2.117535829544067383e+00 -1.863823533058166504e+00
-3.221442103385925293e-01 -2.117535829544067383e+00 -1.863823413848876953e+00
-3.221442103385925293e-01 -2.117535829544067383e+00 -1.863823413848876953e+00
-3.221442103385925293e-01 -2.117535829544067383e+00 -1.863823413848876953e+00
-3.221442997455596924e-01 -2.117535829544067383e+00 -1.863823294639587402e+00
-3.221442103385925293e-01 -2.117535829544067383e+00 -1.863823413848876953e+00
-3.221442103385925293e-01 -2.117535829544067383e+00 -1.863823413848876953e+00
-3.221441209316253662e-01 -2.117536067962646484e+00 -1.863823533058166504e+00
-3.221442103385925293e-01 -2.117535829544067383e+00 -1.863823413848876953e+00
-3.221442997455596924e-01 -2.117535829544067383e+00 -1.863823294639587402e+00
-3.221442103385925293e-01 -2.117535829544067383e+00 -1.863823413848876953e+00
-3.221442997455596924e-01 -2.117535829544067383e+00 -1.863823294639587402e+00
-3.221442103385925293e-01 -2.117535829544067383e+00 -1.863823413848876953e+00
-3.221442997455596924e-01 -2.117535829544067383e+00 -1.863823294639587402e+00
-3.221442103385925293e-01 -2.117535829544067383e+00 -1.863823413848876953e+00
-3.221441209316253662e-01 -2.117535829544067383e+00 -1.863823533058166504e+00
-3.221442103385925293e-01 -2.117535829544067383e+00 -1.863823413848876953e+00
-3.221442997455596924e-01 -2.117535829544067383e+00 -1.863823294639587402e+00
-3.221442103385925293e-01 -2.117535829544067383e+00 -1.863823413848876953e+00
-3.221442103385925293e-01 -2.117535829544067383e+00 -1.863823413848876953e+00
-3.221441209316253662e-01 -2.117535829544067383e+00 -1.863823533058166504e+00
-3.221442103385925293e-01 -2.117535829544067383e+00 -1.863823413848876953e+00
-3.221442103385925293e-01 -2.117535829544067383e+00 -1.863823413848876953e+00
-3.221442103385925293e-01 -2.117535829544067383e+00 -1.863823413848876953e+00
-3.221442997455596924e-01 -2.117535829544067383e+00 -1.863823294639587402e+00
-3.221442103385925293e-01 -2.117535829544067383e+00 -1.863823413848876953e+00
-3.221442103385925293e-01 -2.117535829544067383e+00 -1.863823413848876953e+00
-3.221442997455596924e-01 -2.117535829544067383e+00 -1.863823294639587402e+00
-3.221442103385925293e-01 -2.117535829544067383e+00 -1.863823413848876953e+00
-3.221442103385925293e-01 -2.117535829544067383e+00 -1.863823413848876953e+00
-3.221442103385925293e-01 -2.117535829544067383e+00 -1.863823413848876953e+00
-3.221442103385925293e-01 -2.117535829544067383e+00 -1.863823413848876953e+00
-3.221442103385925293e-01 -2.117535829544067383e+00 -1.863823413848876953e+00
-3.221442103385925293e-01 -2.117535829544067383e+00 -1.863823413848876953e+00
-3.221442997455596924e-01 -2.117535829544067383e+00 -1.863823294639587402e+00
-3.221442103385925293e-01 -2.117535829544067383e+00 -1.863823413848876953e+00
-3.221441209316253662e-01 -2.117535829544067383e+00 -1.863823533058166504e+00
-3.221442103385925293e-01 -2.117535829544067383e+00 -1.863823413848876953e+00
-3.221442103385925293e-01 -2.117535829544067383e+00 -1.863823413848876953e+00
-3.221442103385925293e-01 -2.117535829544067383e+00 -1.863823413848876953e+00
-3.221442103385925293e-01 -2.117535829544067383e+00 -1.863823413848876953e+00
-3.221442997455596924e-01 -2.117535591125488281e+00 -1.863823175430297852e+00
-3.221442103385925293e-01 -2.117535829544067383e+00 -1.863823413848876953e+00
-3.221442103385925293e-01 -2.117535829544067383e+00 -1.863823413848876953e+00
-3.221442103385925293e-01 -2.117535829544067383e+00 -1.863823413848876953e+00
-3.221442103385925293e-01 -2.117535829544067383e+00 -1.863823413848876953e+00
-3.221442997455596924e-01 -2.117535591125488281e+00 -1.863823175430297852e+00
-3.221442103385925293e-01 -2.117535829544067383e+00 -1.863823413848876953e+00
-3.221442997455596924e-01 -2.117535829544067383e+00 -1.863823294639587402e+00
-3.221442997455596924e-01 -2.117535829544067383e+00 -1.863823294639587402e+00
-3.221441209316253662e-01 -2.117535829544067383e+00 -1.863823533058166504e+00
-3.221442103385925293e-01 -2.117535829544067383e+00 -1.863823413848876953e+00
-3.221442103385925293e-01 -2.117535829544067383e+00 -1.863823413848876953e+00
-3.221442103385925293e-01 -2.117535829544067383e+00 -1.863823413848876953e+00
-3.221442103385925293e-01 -2.117535829544067383e+00 -1.863823413848876953e+00
-3.221442103385925293e-01 -2.117535829544067383e+00 -1.863823413848876953e+00
-3.221442103385925293e-01 -2.117535829544067383e+00 -1.863823413848876953e+00
-3.221442103385925293e-01 -2.117535829544067383e+00 -1.863823413848876953e+00
-3.221442103385925293e-01 -2.117535829544067383e+00 -1.863823413848876953e+00
-3.221442103385925293e-01 -2.117535829544067383e+00 -1.863823413848876953e+00
-3.221442103385925293e-01 -2.117535829544067383e+00 -1.863823413848876953e+00
-3.221442103385925293e-01 -2.117535829544067383e+00 -1.863823413848876953e+00
-3.221442103385925293e-01 -2.117535829544067383e+00 -1.863823413848876953e+00
-3.221441209316253662e-01 -2.117535829544067383e+00 -1.863823533058166504e+00
-3.221442997455596924e-01 -2.117535829544067383e+00 -1.863823294639587402e+00
-3.221442103385925293e-01 -2.117535829544067383e+00 -1.863823413848876953e+00
-3.221442103385925293e-01 -2.117535829544067383e+00 -1.863823413848876953e+00
-3.221442103385925293e-01 -2.117535829544067383e+00 -1.863823413848876953e+00
-3.221442997455596924e-01 -2.117535829544067383e+00 -1.863823294639587402e+00
-3.221442997455596924e-01 -2.117535829544067383e+00 -1.863823294639587402e+00
-3.221442103385925293e-01 -2.117535829544067383e+00 -1.863823413848876953e+00
-3.221441209316253662e-01 -2.117535829544067383e+00 -1.863823533058166504e+00
-3.221442103385925293e-01 -2.117535829544067383e+00 -1.863823413848876953e+00
-3.221442103385925293e-01 -2.117535829544067383e+00 -1.863823413848876953e+00
-3.221442103385925293e-01 -2.117535829544067383e+00 -1.863823413848876953e+00
-3.221442103385925293e-01 -2.117535829544067383e+00 -1.863823413848876953e+00
-3.221442103385925293e-01 -2.117535829544067383e+00 -1.863823413848876953e+00
-3.221442103385925293e-01 -2.117535829544067383e+00 -1.863823413848876953e+00
-3.221442997455596924e-01 -2.117535829544067383e+00 -1.863823294639587402e+00
-3.221442103385925293e-01 -2.117535829544067383e+00 -1.863823413848876953e+00
-3.221442103385925293e-01 -2.117535829544067383e+00 -1.863823413848876953e+00
-3.221441209316253662e-01 -2.117535829544067383e+00 -1.863823533058166504e+00
-3.221442997455596924e-01 -2.117535829544067383e+00 -1.863823294639587402e+00
-3.221442103385925293e-01 -2.117535829544067383e+00 -1.863823413848876953e+00
